696.8000000
712.0000000
717.0000000
737.8000000
737.9000000
731.8000000
737.7000000
723.2000000
717.9000000
732.6000000
730.3000000
725.0000000
721.0000000
722.0000000
734.1000000
741.0000000
735.4000000
750.5000000
784.0000000
772.9000000
798.9000000
791.4000000
798.8000000
806.9000000
806.9000000
808.1000000
803.2000000
810.0000000
804.0000000
804.7000000
787.3000000
780.0000000
784.5000000
761.6000000
763.9000000
790.3000000
778.5000000
230.4000000
230.2800000
229.9000000
230.3200000
232.0900000
232.5500000
232.6000000
232.8000000
233.0100000
232.3200000
232.4500000
232.3300000
233.0900000
233.1000000
234.6100000
233.1500000
233.7200000
233.0800000
233.0000000
233.3500000
233.4300000
233.7600000
232.6000000
234.4300000
234.4800000
235.0400000
234.5500000
233.3100000
233.0900000
233.1500000
232.9600000
232.8300000
235.8500000
239.3300000
240.4400000
246.8100000
245.9800000
246.3400000
246.4800000
246.3000000
245.5000000
243.8800000
245.3200000
245.1100000
245.3400000
244.9600000
244.9600000
245.4100000
246.0000000
246.6500000
249.8900000
248.9000000
248.9100000
249.3800000
249.5600000
250.7400000
250.4100000
772.8000000
793.6000000
796.0000000
799.9000000
787.1000000
789.9000000
794.9000000
776.1000000
775.2000000
770.1000000
760.0000000
766.0000000
755.2000000
747.0000000
732.5000000
729.0000000
731.8000000
743.8000000
753.1000000
767.0000000
772.6000000
768.0000000
757.2000000
747.2000000
755.5000000
746.9000000
755.6000000
755.0000000
750.7000000
742.9000000
743.1000000
733.1000000
731.2000000
754.2000000
760.9000000
758.8000000
751.0000000
750.5000000
741.9000000
746.9000000
751.6000000
749.2000000
748.9000000
752.0000000
750.2000000
743.5000000
738.2000000
767.3000000
754.9000000
757.5000000
754.1000000
765.5000000
765.3000000
750.5000000
723.2000000
705.1000000
690.9000000
706.4000000
693.3000000
675.9000000
679.4000000
681.1000000
706.7000000
720.0000000
708.0000000
696.8000000
695.3000000
702.8000000
725.9000000
754.1000000
748.5000000
759.9000000
766.9000000
755.7000000
758.6000000
753.6000000
759.4000000
777.4000000
770.0000000
765.0000000
759.7000000
775.0000000
771.9000000
789.4000000
776.8000000
769.8000000
763.5000000
770.0000000
773.3000000
774.9000000
768.0000000
769.4000000
780.0000000
760.5000000
762.7000000
760.9000000
753.6000000
230.4000000
230.2800000
229.9000000
230.3200000
232.0900000
232.5500000
232.6000000
232.8000000
233.0100000
232.3200000
232.4500000
232.3300000
233.0900000
233.1000000
234.6100000
233.1500000
233.7200000
233.0800000
233.0000000
233.3500000
233.4300000
233.7600000
232.6000000
234.4300000
234.4800000
235.0400000
234.5500000
233.3100000
233.0900000
233.1500000
232.9600000
232.8300000
235.8500000
239.3300000
240.4400000
246.8100000
245.9800000
246.3400000
246.4800000
246.3000000
245.5000000
243.8800000
245.3200000
245.1100000
245.3400000
244.9600000
244.9600000
245.4100000
246.0000000
246.6500000
249.8900000
248.9000000
248.9100000
249.3800000
249.5600000
250.7400000
250.4100000
748.0000000
741.3000000
726.9000000
717.5000000
730.0000000
741.0000000
738.0000000
744.0000000
733.6000000
747.9000000
135.9600000
134.6700000
135.1500000
135.2200000
135.1100000
134.9700000
135.1300000
135.1500000
134.9100000
135.0600000
135.9300000
135.3100000
135.0700000
135.2200000
135.6400000
136.7400000
136.1900000
136.4500000
136.5100000
136.4600000
136.2400000
135.4500000
135.6800000
135.8200000
135.9700000
135.6200000
135.9400000
132.6200000
132.8600000
132.5000000
131.9700000
131.6300000
131.7500000
131.9300000
131.8100000
131.3800000
131.0900000
131.9300000
133.4100000
134.7500000
133.8300000
134.0200000
134.6700000
134.5500000
133.5400000
134.1700000
133.7000000
133.0700000
133.0300000
132.5400000
132.2700000
132.2400000
132.0700000
131.3000000
131.2600000
130.7300000
130.4200000
130.3900000
129.9900000
130.0200000
130.0000000
129.4100000
130.8600000
131.8700000
129.6900000
130.0000000
127.1500000
126.0600000
125.7500000
125.6000000
125.9100000
125.1000000
124.3400000
125.0800000
124.5700000
125.1300000
125.5500000
124.5200000
124.3800000
124.7100000
124.6000000
127.6900000
127.1000000
127.5800000
127.9100000
128.2500000
127.7000000
127.6300000
125.8000000
125.9800000
123.8500000
123.6800000
124.2700000
124.3000000
124.3200000
124.9900000
124.7800000
124.7000000
125.8300000
126.4800000
126.9900000
127.1700000
126.8100000
126.5000000
126.7200000
127.1700000
127.1100000
127.7500000
129.8100000
129.9600000
128.5700000
129.1400000
131.1000000
131.6100000
131.9000000
132.8000000
132.4000000
131.3800000
131.1900000
131.1500000
131.7600000
131.6900000
132.4600000
131.7600000
132.3100000
133.0000000
131.3800000
131.8500000
131.5700000
131.9300000
131.8800000
131.8100000
131.8700000
132.0900000
131.8900000
132.2900000
741.3000000
740.5000000
734.6000000
738.1000000
737.5000000
743.2000000
755.0000000
732.2000000
716.4000000
740.0000000
727.8000000
738.7000000
737.3000000
738.6000000
729.0000000
709.4000000
702.5000000
705.0000000
712.8000000
721.1000000
718.6000000
717.6000000
718.1000000
716.9000000
720.0000000
717.9000000
723.6000000
743.1000000
747.7000000
486.8000000
502.0000000
500.9000000
511.3000000
510.3000000
508.9500000
515.5500000
518.1500000
528.9500000
546.0000000
560.0000000
551.2000000
567.1500000
564.4000000
569.7000000
573.8000000
580.0000000
578.6000000
565.4000000
565.2000000
578.6500000
579.0000000
564.4000000
542.7000000
563.1000000
555.5000000
536.7000000
536.0000000
549.7500000
554.0000000
560.0000000
569.0000000
569.0500000
574.8000000
586.3000000
599.5000000
602.0000000
606.2000000
594.0000000
230.4000000
230.2800000
229.9000000
230.3200000
232.0900000
232.5500000
232.6000000
232.8000000
233.0100000
232.3200000
232.4500000
232.3300000
233.0900000
233.1000000
234.6100000
233.1500000
233.7200000
233.0800000
233.0000000
233.3500000
233.4300000
233.7600000
232.6000000
234.4300000
234.4800000
235.0400000
234.5500000
233.3100000
233.0900000
233.1500000
232.9600000
232.8300000
235.8500000
239.3300000
240.4400000
246.8100000
245.9800000
246.3400000
246.4800000
246.3000000
245.5000000
243.8800000
245.3200000
245.1100000
245.3400000
244.9600000
244.9600000
245.4100000
246.0000000
246.6500000
249.8900000
248.9000000
248.9100000
249.3800000
249.5600000
250.7400000
250.4100000
594.8000000
595.0000000
600.4000000
604.0000000
595.2500000
604.0000000
606.8000000
606.5000000
602.9500000
606.7000000
613.2500000
611.0000000
620.0000000
618.8000000
616.7500000
618.3500000
603.5000000
605.5000000
604.0000000
615.0000000
611.6000000
598.3000000
604.9500000
599.7500000
614.5500000
610.0000000
596.7000000
644.5000000
650.2500000
655.6500000
647.7500000
650.0000000
657.0000000
660.5500000
660.0000000
657.1000000
659.4500000
661.0000000
251.0400000
249.7100000
250.2100000
249.6000000
248.8000000
247.2000000
248.2900000
248.3100000
247.3700000
245.8900000
245.7800000
247.2000000
244.8000000
245.2700000
244.9000000
245.0000000
245.4600000
245.9100000
246.8200000
246.0100000
245.5000000
245.0900000
244.3700000
243.7800000
244.3000000
244.6800000
244.6400000
242.3900000
241.6400000
240.3000000
238.4000000
666.0000000
680.0000000
685.2500000
682.0500000
671.0500000
671.0000000
650.0000000
659.3500000
654.1500000
666.9500000
671.8000000
677.5500000
685.2500000
679.5500000
676.0000000
672.1000000
681.5000000
685.0000000
676.0500000
664.3000000
664.0000000
667.6000000
663.3500000
675.9500000
669.5000000
666.5000000
665.5500000
670.4500000
673.8500000
668.5000000
668.0000000
653.3000000
656.6000000
653.0000000
655.0000000
642.0500000
650.0000000
641.0000000
646.0500000
655.0000000
661.4500000
656.6500000
672.6500000
660.4500000
674.1500000
658.0000000
675.9500000
677.2000000
678.0000000
684.1500000
686.0000000
678.7500000
689.9500000
699.9000000
694.0000000
697.0500000
703.7000000
699.7000000
690.0500000
701.4500000
704.9500000
700.0000000
693.2000000
691.7000000
705.0000000
710.7000000
707.8000000
718.0000000
721.4000000
728.9000000
723.1000000
730.0000000
731.9000000
732.8000000
740.0000000
747.5000000
752.0000000
758.5000000
752.6000000
753.5000000
742.0000000
740.0000000
751.0000000
757.8000000
764.8000000
760.5000000
774.9000000
783.1000000
784.8000000
794.9000000
795.9000000
783.1000000
788.3000000
787.0000000
779.8000000
785.6000000
785.5000000
813.0000000
813.1000000
798.8000000
796.1000000
794.0000000
784.9000000
786.8000000
783.9000000
783.1000000
795.5000000
784.1000000
818.1000000
813.3000000
837.0000000
835.4000000
833.2000000
813.8000000
826.3000000
819.6000000
810.1000000
821.4000000
823.9000000
823.8000000
778.3000000
790.0000000
789.7000000
786.4000000
790.5000000
779.0000000
776.0000000
776.9000000
765.5000000
776.6000000
776.5000000
762.1000000
762.9000000
754.9000000
784.4000000
779.0000000
792.7000000
802.2000000
814.1000000
819.2000000
813.4000000
812.3000000
793.0000000
762.5000000
752.3000000
760.8000000
763.6000000
750.8000000
758.3000000
755.0000000
726.7000000
705.7000000
705.0000000
725.6000000
714.0000000
712.7000000
743.8000000
771.3000000
778.7000000
765.0000000
776.0000000
230.4000000
230.2800000
229.9000000
230.3200000
232.0900000
232.5500000
232.6000000
232.8000000
233.0100000
232.3200000
232.4500000
232.3300000
233.0900000
233.1000000
234.6100000
233.1500000
233.7200000
233.0800000
233.0000000
233.3500000
233.4300000
233.7600000
232.6000000
234.4300000
234.4800000
235.0400000
234.5500000
233.3100000
233.0900000
233.1500000
232.9600000
232.8300000
235.8500000
239.3300000
240.4400000
246.8100000
245.9800000
246.3400000
246.4800000
246.3000000
245.5000000
243.8800000
245.3200000
245.1100000
245.3400000
244.9600000
244.9600000
248.9100000
249.3800000
249.5600000
250.7400000
250.4100000
759.9000000
760.0000000
738.7000000
736.0000000
726.4000000
727.0000000
719.6000000
714.3000000
714.7000000
710.0000000
703.0000000