333	;	701	;	39	;	537	;	807
741	;	594	;	17	;	61	;	584
411	;	175	;	149	;	15	;	563
1024	;	429	;	322	;	122	;	528
284	;	222	;	26	;	177	;	524
325	;	842	;	584	;	308	;	479
88	;	1188	;	32	;	235	;	445
1250	;	486	;	1060	;	2292	;	437
289	;	174	;	61	;	217	;	410
472	;	391	;	49	;	46	;	400
186	;	718	;	78	;	281	;	365
217	;	403	;	4	;	36	;	360
967	;	342	;	65	;	59	;	357
120	;	322	;	1	;	0	;	357
149	;	152	;	49	;	202	;	355
152	;	85	;	32	;	248	;	342
327	;	318	;	746	;	159	;	316
192	;	641	;	30	;	107	;	308
148	;	122	;	223	;	202	;	298
614	;	765	;	283	;	117	;	293
226	;	212	;	6	;	4	;	293
436	;	241	;	32	;	1781	;	291
462	;	316	;	158	;	405	;	290
143	;	168	;	86	;	214	;	284
83	;	38	;	18	;	356	;	278
263	;	223	;	21	;	154	;	276
387	;	623	;	311	;	218	;	271
377	;	295	;	25	;	142	;	271
170	;	400	;	15	;	404	;	261
413	;	346	;	114	;	72	;	247
230	;	21	;	9	;	267	;	245
258	;	88	;	9	;	391	;	241
165	;	257	;	29	;	43	;	239
195	;	222	;	20	;	959	;	230
189	;	187	;	37	;	318	;	230
944	;	305	;	179	;	151	;	230
516	;	619	;	199	;	2198	;	229
125	;	618	;	10	;	686	;	228
487	;	287	;	19	;	61	;	226
366	;	963	;	165	;	1249	;	223
94	;	229	;	203	;	0	;	223
176	;	377	;	6	;	21	;	222
1124	;	194	;	317	;	245	;	221
113	;	212	;	166	;	38	;	221
204	;	267	;	48	;	123	;	220
72	;	266	;	40	;	0	;	220
194	;	230	;	92	;	885	;	216
661	;	496	;	105	;	1386	;	213
552	;	601	;	29	;	603	;	210
150	;	319	;	41	;	150	;	209
295	;	305	;	246	;	176	;	205
181	;	495	;	35	;	368	;	204
334	;	549	;	130	;	2955	;	203
451	;	450	;	9	;	19	;	201
473	;	414	;	23	;	326	;	198
84	;	62	;	45	;	56	;	195
259	;	117	;	183	;	114	;	188
84	;	205	;	145	;	315	;	186
114	;	210	;	8	;	0	;	185
452	;	326	;	6	;	174	;	183
398	;	417	;	18	;	306	;	182
538	;	357	;	99	;	206	;	181
210	;	269	;	24	;	29	;	177
292	;	699	;	6	;	26	;	176
116	;	177	;	11	;	0	;	176
406	;	1059	;	17	;	939	;	174
179	;	398	;	21	;	25	;	173
250	;	135	;	17	;	11	;	172
66	;	405	;	99	;	95	;	171
103	;	120	;	14	;	22	;	170
114	;	75	;	1	;	105	;	166
189	;	201	;	47	;	35	;	166
107	;	269	;	9	;	94	;	165
247	;	444	;	103	;	7	;	165
612	;	328	;	125	;	45	;	164
444	;	615	;	734	;	55	;	162
478	;	756	;	26	;	321	;	161
139	;	96	;	60	;	53	;	161
66	;	198	;	8	;	16	;	161
132	;	112	;	3	;	2090	;	160
291	;	733	;	199	;	683	;	160
264	;	308	;	44	;	515	;	160
452	;	143	;	33	;	1	;	156
58	;	143	;	193	;	377	;	153
257	;	379	;	140	;	137	;	151
232	;	293	;	26	;	347	;	150
226	;	66	;	87	;	34	;	149
303	;	408	;	7	;	59	;	146
286	;	364	;	16	;	14	;	146
95	;	182	;	4	;	307	;	143
342	;	122	;	1099	;	136	;	143
221	;	180	;	51	;	35	;	143
290	;	470	;	104	;	13	;	143
117	;	19	;	1	;	4	;	143
112	;	109	;	7	;	0	;	143
180	;	164	;	46	;	28	;	142
135	;	358	;	12	;	45	;	141
174	;	278	;	16	;	305	;	138
89	;	330	;	94	;	3668	;	132
263	;	114	;	101	;	18	;	132
208	;	249	;	79	;	47	;	131
246	;	167	;	8	;	44	;	131
589	;	305	;	28	;	379	;	130
213	;	300	;	112	;	31	;	130
161	;	344	;	2	;	8	;	130
588	;	288	;	29	;	63	;	129
236	;	236	;	9	;	379	;	126
250	;	433	;	17	;	32	;	126
106	;	112	;	15	;	0	;	126
398	;	714	;	44	;	183	;	125
142	;	441	;	354	;	89	;	125
247	;	247	;	10	;	30	;	124
162	;	0	;	3	;	0	;	124
336	;	536	;	103	;	275	;	122
158	;	123	;	28	;	15	;	122
130	;	161	;	6	;	5	;	122
197	;	4	;	33	;	709	;	120
658	;	353	;	57	;	395	;	119
385	;	374	;	30	;	97	;	119
546	;	897	;	334	;	386	;	118
137	;	217	;	96	;	308	;	118
169	;	156	;	19	;	27	;	118
240	;	218	;	32	;	15	;	118
500	;	362	;	63	;	568	;	116
178	;	500	;	37	;	22	;	116
237	;	198	;	15	;	8	;	114
121	;	214	;	12	;	61	;	113
494	;	325	;	41	;	6	;	112
124	;	258	;	36	;	16	;	111
111	;	141	;	16	;	349	;	110
131	;	73	;	92	;	17	;	110
224	;	232	;	5	;	2	;	110
92	;	449	;	354	;	132	;	109
187	;	275	;	44	;	226	;	108
296	;	309	;	17	;	114	;	108
407	;	124	;	18	;	23	;	108
130	;	1527	;	359	;	254	;	107
637	;	846	;	16	;	41	;	105
54	;	58	;	35	;	9	;	105
116	;	82	;	6	;	0	;	105
371	;	636	;	23	;	365	;	104
76	;	179	;	4	;	133	;	104
120	;	18	;	9	;	15	;	104
203	;	357	;	24	;	8	;	104
223	;	225	;	37	;	67	;	103
561	;	238	;	33	;	27	;	103
52	;	94	;	7	;	1	;	103
121	;	512	;	1143	;	784	;	101
43	;	144	;	22	;	58	;	101
593	;	238	;	83	;	75	;	100
200	;	210	;	12	;	91	;	98
97	;	598	;	97	;	590	;	97
176	;	402	;	44	;	70	;	97
198	;	228	;	41	;	646	;	95
145	;	252	;	2	;	107	;	95
555	;	367	;	18	;	86	;	93
417	;	371	;	123	;	43	;	93
216	;	212	;	21	;	151	;	92
453	;	1127	;	2	;	0	;	92
111	;	56	;	2	;	42	;	91
186	;	352	;	6	;	0	;	91
114	;	198	;	66	;	32	;	90
351	;	251	;	21	;	21	;	90
146	;	336	;	4	;	3	;	90
262	;	618	;	29	;	11	;	89
183	;	220	;	7	;	6	;	89
210	;	843	;	41	;	14	;	87
335	;	465	;	15	;	1	;	86
217	;	554	;	81	;	457	;	84
217	;	554	;	81	;	457	;	84
144	;	438	;	18	;	254	;	84
242	;	126	;	45	;	71	;	84
422	;	202	;	37	;	50	;	84
78	;	118	;	18	;	0	;	84
183	;	204	;	852	;	305	;	83
142	;	240	;	21	;	17	;	82
163	;	383	;	38	;	83	;	81
16	;	236	;	31	;	74	;	81
119	;	315	;	7	;	297	;	80
80	;	213	;	31	;	20	;	80
82	;	5999	;	7	;	0	;	80
277	;	348	;	52	;	35	;	78
183	;	244	;	19	;	4	;	78
61	;	730	;	158	;	658	;	77
238	;	282	;	93	;	129	;	77
217	;	207	;	56	;	103	;	77
157	;	119	;	5	;	55	;	77
235	;	212	;	90	;	39	;	77
244	;	106	;	53	;	18	;	77
243	;	479	;	113	;	1338	;	76
331	;	368	;	12	;	28	;	76
51	;	190	;	87	;	10	;	76
184	;	219	;	235	;	4	;	76
413	;	100	;	76	;	31	;	75
280	;	99	;	245	;	342	;	74
239	;	18	;	195	;	325	;	74
441	;	508	;	55	;	63	;	74
179	;	1247	;	9	;	9	;	74
56	;	26	;	7	;	0	;	74
577	;	0	;	1	;	1	;	73
92	;	43	;	130	;	0	;	73
104	;	149	;	60	;	0	;	73
135	;	125	;	40	;	41	;	72
103	;	0	;	6	;	41	;	70
130	;	205	;	2236	;	18	;	70
367	;	289	;	3	;	0	;	70
79	;	333	;	102	;	458	;	69
91	;	116	;	5	;	11	;	69
158	;	275	;	12	;	7	;	69
501	;	456	;	160	;	55	;	68
502	;	231	;	14	;	11	;	68
216	;	8666	;	75	;	2650	;	67
425	;	340	;	5	;	355	;	67
150	;	112	;	7	;	27	;	67
190	;	336	;	1	;	2	;	67
131	;	363	;	212	;	99	;	66
31	;	203	;	3	;	0	;	66
476	;	428	;	221	;	40	;	65
166	;	471	;	11	;	114	;	64
308	;	177	;	19	;	11	;	64
203	;	217	;	11	;	448	;	63
111	;	102	;	27	;	123	;	63
483	;	743	;	149	;	29	;	63
215	;	303	;	197	;	157	;	61
144	;	93	;	8	;	78	;	61
221	;	92	;	27	;	73	;	61
33	;	246	;	78	;	961	;	60
464	;	192	;	10	;	63	;	60
120	;	62	;	320	;	4	;	60
907	;	166	;	513	;	0	;	60
116	;	177	;	19	;	753	;	59
333	;	878	;	138	;	284	;	58
112	;	257	;	10	;	41	;	58
86	;	158	;	6	;	16	;	58
37	;	51	;	304	;	10	;	58
287	;	213	;	488	;	0	;	58
156	;	271	;	293	;	705	;	57
237	;	312	;	63	;	226	;	57
473	;	165	;	19	;	1	;	57
377	;	214	;	13	;	19	;	56
346	;	314	;	10	;	199	;	55
267	;	193	;	15	;	18	;	54
82	;	568	;	22	;	11	;	54
130	;	150	;	463	;	64	;	53
173	;	364	;	103	;	18	;	53
88	;	107	;	18	;	0	;	53
64	;	163	;	4	;	18	;	52
534	;	354	;	31	;	18	;	51
205	;	310	;	6	;	3	;	51
227	;	439	;	397	;	77	;	50
78	;	61	;	121	;	72	;	49
112	;	464	;	4	;	4	;	49
113	;	180	;	1	;	12	;	48
146	;	208	;	211	;	121	;	47
267	;	258	;	31	;	10	;	47
84	;	220	;	13	;	22	;	46
253	;	145	;	84	;	150	;	45
183	;	117	;	4	;	25	;	45
77	;	186	;	9	;	0	;	43
188	;	218	;	103	;	154	;	42
273	;	189	;	38	;	154	;	42
131	;	166	;	6	;	109	;	42
194	;	1190	;	6	;	59	;	42
165	;	186	;	5	;	15	;	42
132	;	188	;	15	;	1	;	42
172	;	295	;	9	;	277	;	41
679	;	56	;	206	;	29	;	41
303	;	266	;	3	;	270	;	40
576	;	235	;	50	;	28	;	40
178	;	52	;	32	;	20	;	40
166	;	698	;	55	;	3	;	40
126	;	105	;	9	;	224	;	39
295	;	409	;	55	;	64	;	39
112	;	323	;	5	;	4	;	39
99	;	63	;	0	;	62	;	38
69	;	33	;	0	;	23	;	38
131	;	86	;	124	;	132	;	37
312	;	153	;	35	;	27	;	37
818	;	803	;	1	;	305	;	36
34	;	20	;	10	;	18	;	35
26	;	21	;	3	;	0	;	35
151	;	191	;	50	;	116	;	34
203	;	224	;	31	;	20	;	34
63	;	186	;	3	;	366	;	33
97	;	86	;	1	;	55	;	33
102	;	333	;	46	;	29	;	33
247	;	212	;	114	;	12	;	33
96	;	211	;	2	;	11	;	33
117	;	202	;	66	;	0	;	33
523	;	244	;	294	;	947	;	32
135	;	91	;	37	;	462	;	32
91	;	255	;	4	;	66	;	32
89	;	32	;	10	;	12	;	32
65	;	7	;	1	;	1	;	32
264	;	66	;	12	;	0	;	32
82	;	210	;	13	;	100	;	31
175	;	579	;	31	;	82	;	31
191	;	308	;	55	;	56	;	31
110	;	81	;	3	;	4	;	31
168	;	538	;	9	;	141	;	30
356	;	366	;	14	;	61	;	30
149	;	105	;	114	;	44	;	30
397	;	493	;	8	;	0	;	30
720	;	381	;	29	;	69	;	29
209	;	520	;	4	;	0	;	29
527	;	416	;	5	;	27	;	28
34	;	31	;	3	;	9	;	28
111	;	247	;	3	;	16	;	27
125	;	48	;	42	;	4	;	27
55	;	28	;	7	;	44	;	26
285	;	376	;	30	;	24	;	26
357	;	393	;	38	;	13	;	26
36	;	5	;	3	;	40	;	25
119	;	174	;	19	;	34	;	25
44	;	401	;	1	;	5	;	25
54	;	839	;	20	;	2	;	25
68	;	129	;	13	;	32	;	24
149	;	101	;	17	;	2	;	24
131	;	1173	;	22	;	2207	;	23
114	;	193	;	252	;	29	;	23
3604	;	483	;	273	;	1204	;	22
426	;	630	;	115	;	45	;	22
30	;	319	;	21	;	18	;	22
87	;	303	;	1	;	2	;	22
42	;	52	;	5	;	0	;	21
132	;	122	;	6	;	0	;	20
149	;	129	;	20	;	90	;	19
34	;	17	;	28	;	0	;	19
80	;	0	;	7	;	0	;	19
108	;	206	;	4	;	395	;	18
212	;	263	;	19	;	4	;	18
102	;	157	;	21	;	3	;	17
118	;	591	;	1	;	419	;	16
52	;	2	;	4	;	0	;	16
106	;	326	;	4	;	8	;	15
124	;	219	;	9	;	3	;	15
122	;	238	;	9	;	0	;	15
27	;	1	;	0	;	0	;	15
187	;	538	;	351	;	96	;	14
91	;	339	;	0	;	11	;	14
27	;	16	;	17	;	247	;	13
143	;	237	;	48	;	34	;	13
80	;	95	;	4	;	32	;	13
39	;	44	;	3	;	1	;	13
346	;	118	;	414	;	76	;	12
157	;	136	;	11	;	13	;	12
577	;	150	;	71	;	6	;	12
88	;	279	;	56	;	12	;	11
69	;	390	;	3	;	1	;	11
94	;	59	;	18	;	0	;	11
201	;	143	;	26	;	7	;	10
121	;	373	;	17	;	1	;	10
151	;	0	;	2	;	0	;	10
341	;	167	;	0	;	214	;	9
348	;	1655	;	92	;	15	;	9
105	;	80	;	8	;	6	;	9
126	;	121	;	9	;	2	;	9
12	;	0	;	0	;	0	;	9
152	;	0	;	1	;	21	;	8
108	;	378	;	1	;	1	;	7
86	;	12	;	5	;	0	;	7
70	;	179	;	1	;	0	;	7
66	;	61	;	1	;	8	;	6
345	;	267	;	2	;	7	;	5
345	;	267	;	2	;	7	;	5
147	;	49	;	10	;	0	;	5
11	;	13	;	2	;	0	;	5
31	;	9	;	4	;	1	;	2
52	;	73	;	18	;	0	;	1
45	;	188	;	15	;	0	;	1
356	;	74	;	0	;	22	;	0
8	;	0	;	1	;	1	;	0
96	;	278	;	6	;	0	;	0
69	;	1	;	0	;	0	;	0
50	;	0	;	0	;	0	;	0
31	;	54	;	133	;	11	;	0
0	;	0	;	0	;	0	;	0
35	;	0	;	0	;	0	;	1
39	;	22	;	0	;	66	;	2
88	;	101	;	1	;	0	;	3
890	;	1	;	10	;	12	;	5
68	;	261	;	2	;	5	;	5
211	;	125	;	720	;	11	;	6
80	;	0	;	4	;	2	;	7
228	;	186	;	7	;	147	;	8
85	;	96	;	4	;	172	;	9
486	;	395	;	64	;	2	;	9
179	;	93	;	2	;	17	;	10
141	;	48	;	2	;	0	;	10
122	;	76	;	165	;	117	;	11
47	;	49	;	1	;	0	;	13
200	;	187	;	158	;	4	;	14
52	;	5	;	2	;	0	;	14
89	;	179	;	9	;	4	;	15
9	;	13	;	6	;	0	;	15
96	;	126	;	13	;	3	;	16
254	;	356	;	3	;	2	;	16
41	;	107	;	6	;	36	;	17
350	;	299	;	2	;	0	;	17
92	;	110	;	1	;	0	;	17
134	;	219	;	6	;	0	;	18
135	;	65	;	15	;	31	;	21
156	;	350	;	31	;	2	;	21
59	;	54	;	2	;	0	;	22
398	;	397	;	9	;	12	;	23
31	;	113	;	94	;	100	;	24
88	;	256	;	8	;	39	;	24
200	;	44	;	17	;	5	;	24
71	;	36	;	2	;	2	;	24
301	;	167	;	3	;	172	;	25
311	;	76	;	20	;	21	;	25
97	;	74	;	2	;	8	;	25
76	;	357	;	39	;	30	;	26
139	;	274	;	7	;	0	;	26
86	;	137	;	3	;	0	;	26
169	;	179	;	10	;	2	;	27
86	;	111	;	35	;	0	;	27
110	;	543	;	5	;	0	;	27
142	;	24	;	14	;	7	;	28
255	;	160	;	48	;	667	;	29
192	;	482	;	16	;	32	;	29
81	;	535	;	8	;	6	;	29
135	;	238	;	16	;	107	;	30
157	;	117	;	5	;	105	;	32
150	;	219	;	4	;	36	;	32
120	;	58	;	4	;	3	;	32
270	;	87	;	9	;	2	;	32
80	;	668	;	110	;	468	;	33
202	;	453	;	51	;	412	;	33
224	;	313	;	11	;	19	;	33
0	;	2	;	2	;	0	;	33
622	;	274	;	113	;	322	;	35
181	;	238	;	41	;	57	;	35
107	;	338	;	4	;	27	;	35
380	;	102	;	256	;	11	;	35
276	;	216	;	22	;	11	;	35
47	;	445	;	78	;	10	;	35
132	;	50	;	4	;	3	;	35
186	;	468	;	64	;	465	;	36
728	;	939	;	340	;	58	;	36
111	;	144	;	70	;	3	;	36
523	;	99	;	10	;	1	;	36
106	;	157	;	0	;	181	;	37
85	;	201	;	7	;	2	;	37
259	;	230	;	47	;	130	;	38
259	;	230	;	47	;	130	;	38
354	;	272	;	5	;	74	;	38
177	;	45	;	35	;	20	;	38
180	;	873	;	7	;	14	;	41
95	;	283	;	6	;	267	;	42
184	;	495	;	1	;	9	;	42
56	;	201	;	6	;	8	;	42
84	;	64	;	2	;	1	;	44
108	;	64	;	4	;	4	;	45
171	;	232	;	14	;	56	;	46
99	;	327	;	30	;	0	;	46
263	;	66	;	7	;	103	;	47
553	;	399	;	94	;	57	;	48
519	;	380	;	64	;	156	;	49
202	;	203	;	17	;	0	;	50
35	;	189	;	6	;	0	;	50
201	;	115	;	17	;	1	;	52
277	;	156	;	13	;	484	;	54
155	;	82	;	27	;	67	;	54
163	;	83	;	4	;	1	;	57
129	;	137	;	9	;	3	;	58
273	;	404	;	1	;	1043	;	60
257	;	123	;	60	;	37	;	60
162	;	252	;	102	;	6	;	62
122	;	364	;	14	;	0	;	63
214	;	104	;	7	;	4	;	64
131	;	343	;	30	;	0	;	65
208	;	649	;	21	;	0	;	65
418	;	273	;	77	;	487	;	67
749	;	0	;	5	;	712	;	68
349	;	366	;	192	;	249	;	68
1	;	0	;	1	;	0	;	68
225	;	197	;	36	;	256	;	69
507	;	1379	;	1234	;	211	;	69
148	;	30	;	11	;	5	;	70
195	;	846	;	127	;	72	;	72
136	;	314	;	4	;	37	;	73
266	;	117	;	7	;	12	;	73
619	;	367	;	12	;	115	;	74
223	;	295	;	27	;	10	;	74
209	;	219	;	9	;	169	;	75
220	;	106	;	6	;	189	;	76
164	;	76	;	31	;	33	;	77
216	;	500	;	18	;	88	;	78
128	;	206	;	5	;	72	;	78
385	;	243	;	25	;	21	;	78
208	;	125	;	12	;	5	;	78
228	;	241	;	33	;	74	;	79
193	;	218	;	218	;	13	;	79
433	;	951	;	37	;	380	;	80
435	;	137	;	529	;	142	;	80
84	;	106	;	72	;	8	;	80
120	;	67	;	1	;	1	;	81
223	;	158	;	1	;	0	;	81
196	;	104	;	20	;	987	;	82
54	;	291	;	81	;	42	;	83
168	;	128	;	47	;	42	;	83
180	;	147	;	20	;	296	;	85
280	;	188	;	5	;	28	;	85
355	;	144	;	3	;	6	;	86
131	;	85	;	4	;	16	;	87
171	;	268	;	33	;	475	;	88
362	;	226	;	27	;	130	;	88
324	;	313	;	42	;	12	;	88
147	;	147	;	7	;	6	;	89
113	;	177	;	14	;	588	;	90
153	;	453	;	67	;	119	;	92
79	;	300	;	95	;	15	;	95
267	;	614	;	234	;	158	;	96
121	;	477	;	30	;	536	;	98
139	;	81	;	10	;	28	;	98
143	;	53	;	8	;	0	;	98
216	;	178	;	6	;	370	;	99
230	;	398	;	40	;	8	;	100
228	;	81	;	450	;	49	;	102
345	;	434	;	35	;	136	;	104
129	;	254	;	27	;	961	;	106
170	;	362	;	6	;	826	;	108
123	;	208	;	24	;	92	;	109
151	;	194	;	422	;	51	;	112
295	;	614	;	24	;	149	;	113
105	;	376	;	34	;	507	;	115
213	;	122	;	64	;	104	;	117
195	;	910	;	44	;	382	;	118
162	;	194	;	19	;	5	;	119
191	;	401	;	17	;	0	;	121
47	;	192	;	104	;	26	;	123
225	;	1539	;	78	;	129	;	125
170	;	1075	;	694	;	30	;	125
163	;	512	;	23	;	19	;	126
17	;	163	;	6	;	481	;	129
182	;	384	;	153	;	90	;	129
927	;	179	;	429	;	107	;	131
24	;	133	;	10	;	0	;	132
184	;	626	;	66	;	6	;	133
187	;	550	;	32	;	46	;	135
191	;	207	;	121	;	193	;	136
233	;	110	;	7	;	66	;	136
151	;	191	;	8	;	505	;	137
223	;	596	;	5	;	195	;	137
391	;	286	;	17	;	78	;	137
287	;	132	;	2	;	33	;	137
75	;	561	;	2	;	0	;	137
114	;	272	;	128	;	103	;	140
114	;	272	;	128	;	103	;	140
274	;	159	;	250	;	247	;	142
128	;	322	;	18	;	118	;	146
639	;	548	;	110	;	82	;	148
124	;	45	;	3	;	13	;	148
334	;	418	;	12	;	51	;	151
104	;	87	;	13	;	50	;	151
155	;	316	;	402	;	1307	;	152
497	;	235	;	88	;	87	;	153
142	;	455	;	1	;	31	;	154
277	;	577	;	15	;	153	;	156
771	;	1281	;	103	;	460	;	158
226	;	212	;	7	;	35	;	158
359	;	136	;	51	;	17	;	158
166	;	408	;	4	;	258	;	160
415	;	271	;	118	;	80	;	166
349	;	259	;	24	;	198	;	167
383	;	467	;	38	;	24	;	169
389	;	647	;	215	;	2381	;	172
178	;	502	;	12	;	76	;	173
860	;	2607	;	38	;	59	;	176
117	;	537	;	1	;	0	;	179
78	;	77	;	19	;	15	;	180
163	;	158	;	38	;	0	;	181
201	;	410	;	49	;	342	;	183
141	;	46	;	19	;	50	;	183
414	;	184	;	15	;	76	;	193
165	;	582	;	9	;	16	;	194
189	;	264	;	41	;	103	;	196
116	;	963	;	9	;	58	;	199
677	;	639	;	94	;	89	;	209
201	;	283	;	87	;	739	;	210
142	;	238	;	42	;	12	;	220
591	;	588	;	0	;	428	;	224
222	;	529	;	157	;	2059	;	255
310	;	164	;	10	;	298	;	263
1328	;	330	;	288	;	482	;	271
492	;	519	;	1013	;	57	;	282
460	;	2338	;	47	;	1642	;	298
199	;	124	;	14	;	43	;	298
256	;	388	;	137	;	174	;	308
187	;	155	;	32	;	114	;	311
341	;	714	;	36	;	1025	;	321
276	;	637	;	29	;	7	;	321
715	;	1403	;	22	;	25	;	338
374	;	497	;	68	;	48	;	349
270	;	163	;	10	;	34	;	358
953	;	371	;	55	;	81	;	370
234	;	269	;	54	;	64	;	372
343	;	421	;	57	;	1918	;	395
441	;	323	;	213	;	103	;	427
367	;	648	;	633	;	567	;	443
206	;	221	;	52	;	21	;	471
222	;	184	;	500	;	167	;	514
429	;	325	;	176	;	1440	;	533
112	;	343	;	200	;	166	;	583
464	;	399	;	31	;	1341	;	604
308	;	662	;	14	;	99	;	688
444	;	551	;	14	;	546	;	737
279	;	220	;	6	;	125	;	739
190	;	448	;	24	;	313	;	742
823	;	546	;	486	;	59	;	949
286	;	283	;	18	;	79	;	294
61	;	371	;	1	;	29	;	50
185	;	103	;	31	;	168	;	164
407	;	513	;	17	;	16	;	175
232	;	358	;	18	;	13	;	75
310	;	5	;	47	;	269	;	66
216	;	138	;	33	;	131	;	33
120	;	506	;	2652	;	2	;	89
230	;	384	;	3239	;	166	;	77
101	;	66	;	10	;	15	;	92
68	;	20	;	6	;	0	;	12
150	;	88	;	3	;	58	;	166
184	;	65	;	36	;	209	;	20
62	;	183	;	34	;	2444	;	58
92	;	164	;	21	;	99	;	109
175	;	82	;	138	;	33	;	56
146	;	149	;	1	;	180	;	173
84	;	85	;	3	;	3	;	56
82	;	15	;	9	;	43	;	113
99	;	116	;	4	;	355	;	55
110	;	105	;	10	;	24	;	62
128	;	49	;	46	;	94	;	122
25	;	119	;	1	;	81	;	120
34	;	77	;	2	;	0	;	82
198	;	125	;	36	;	369	;	168
241	;	410	;	13	;	429	;	210
259	;	217	;	31	;	160	;	159
249	;	120	;	4	;	0	;	87
205	;	130	;	11	;	623	;	217
124	;	262	;	9	;	182	;	574
234	;	111	;	3	;	4	;	212
207	;	42	;	275	;	52	;	62
448	;	259	;	82	;	755	;	329
453	;	118	;	2784	;	37	;	81
382	;	617	;	19	;	83	;	434
79	;	87	;	1	;	0	;	57
170	;	64	;	5	;	10	;	114
262	;	894	;	11	;	13	;	114
419	;	323	;	42	;	902	;	235
92	;	362	;	3	;	8	;	87
88	;	84	;	20	;	50	;	20
627	;	60	;	200	;	61	;	61
297	;	145	;	9	;	5	;	292
197	;	460	;	93	;	72	;	135
68	;	2	;	5	;	0	;	4
188	;	30	;	6	;	1	;	68
564	;	97	;	2	;	885	;	103
201	;	532	;	11	;	98	;	127
984	;	174	;	28	;	376	;	63
120	;	89	;	83	;	111	;	295
240	;	296	;	794	;	783	;	281
141	;	44	;	7	;	4	;	40
0	;	0	;	1	;	0	;	3
446	;	34	;	6	;	3	;	181
598	;	367	;	266	;	387	;	798
328	;	76	;	181	;	310	;	248
266	;	296	;	242	;	21	;	187
190	;	64	;	13	;	556	;	204
203	;	30	;	5	;	2	;	152
89	;	488	;	15	;	0	;	503
167	;	243	;	3	;	730	;	57
108	;	169	;	7	;	184	;	56
431	;	212	;	172	;	28	;	44
180	;	41	;	7	;	308	;	97
393	;	210	;	34	;	29	;	221
164	;	28	;	46	;	5	;	166
371	;	178	;	53	;	1030	;	395
513	;	736	;	39	;	14	;	35
984	;	338	;	4	;	21	;	1512
80	;	157	;	1	;	0	;	39
169	;	339	;	3	;	2	;	73
505	;	161	;	12	;	0	;	260
129	;	4	;	120	;	8	;	33
270	;	160	;	1	;	0	;	75
1104	;	371	;	32	;	1219	;	265
365	;	984	;	11	;	1394	;	838
485	;	621	;	129	;	914	;	330
484	;	1904	;	2	;	1774	;	189
200	;	1399	;	4	;	1010	;	1365
7434	;	5185	;	3	;	2451	;	435
82	;	77	;	13	;	1	;	15
382	;	432	;	432	;	390	;	880
114	;	335	;	108	;	117	;	62
91	;	347	;	29	;	146	;	99
221	;	39	;	25	;	0	;	13
54	;	105	;	8	;	207	;	16
148	;	136	;	20	;	374	;	105
241	;	438	;	35	;	53	;	157
89	;	133	;	26	;	1	;	30
65	;	50	;	2	;	0	;	55
136	;	178	;	105	;	289	;	71
185	;	58	;	31	;	168	;	40
115	;	134	;	66	;	227	;	91
207	;	262	;	27	;	15	;	32
354	;	228	;	9	;	1	;	298
113	;	132	;	1	;	0	;	117
124	;	157	;	2	;	21	;	63
114	;	272	;	128	;	103	;	140
114	;	272	;	128	;	103	;	139
84	;	80	;	14	;	0	;	95
694	;	466	;	22	;	285	;	278
67	;	108	;	6	;	0	;	27
153	;	173	;	5	;	38	;	69
114	;	272	;	128	;	103	;	140
131	;	86	;	7	;	20	;	37
231	;	105	;	4	;	1	;	43
267	;	203	;	43	;	55	;	99
159	;	173	;	39	;	70	;	181
140	;	156	;	9	;	30	;	150
103	;	208	;	10	;	65	;	40
868	;	35	;	92	;	1821	;	392
191	;	160	;	9	;	3	;	68
111	;	167	;	8	;	143	;	48
162	;	474	;	19	;	253	;	102
158	;	253	;	14	;	38	;	18
318	;	116	;	107	;	0	;	201
169	;	14	;	0	;	0	;	84
215	;	117	;	22	;	146	;	227
256	;	446	;	53	;	179	;	790
228	;	351	;	8	;	35	;	185
448	;	150	;	5	;	0	;	100
224	;	175	;	2	;	20	;	91
260	;	20	;	1216	;	57	;	32
163	;	126	;	1	;	0	;	22
136	;	315	;	131	;	458	;	70
599	;	275	;	10	;	71	;	148
144	;	294	;	31	;	573	;	296
246	;	192	;	0	;	0	;	213
154	;	57	;	11	;	72	;	104
169	;	234	;	22	;	356	;	192
180	;	116	;	131	;	24	;	96
152	;	35	;	1	;	0	;	22
59	;	212	;	1	;	31	;	30
1341	;	133	;	52	;	103	;	72
355	;	149	;	13	;	903	;	2546
74	;	106	;	46	;	15	;	126
108	;	676	;	32	;	42	;	38
154	;	61	;	4	;	1	;	59
87	;	134	;	5	;	61	;	28
418	;	425	;	1337	;	56	;	20
153	;	145	;	98	;	3	;	285
186	;	266	;	12	;	203	;	169
266	;	300	;	30	;	130	;	182
296	;	453	;	221	;	986	;	368
136	;	616	;	358	;	12	;	33
275	;	114	;	11	;	1	;	47
264	;	147	;	8	;	219	;	70
216	;	72	;	25	;	6	;	22
517	;	295	;	5	;	0	;	202
121	;	162	;	1	;	0	;	9
155	;	690	;	4	;	24	;	71
83	;	117	;	1	;	1	;	47
346	;	341	;	208	;	257	;	138
216	;	448	;	15	;	198	;	71
191	;	179	;	25	;	33	;	15
242	;	121	;	4	;	10	;	100
328	;	278	;	409	;	642	;	121
183	;	123	;	1	;	0	;	25
164	;	289	;	12	;	5	;	206
123	;	343	;	8	;	1335	;	191
152	;	202	;	1	;	0	;	38
138	;	416	;	4	;	1842	;	187
121	;	204	;	14	;	0	;	67
77	;	103	;	15	;	160	;	56
127	;	211	;	17	;	1	;	57
318	;	1244	;	222	;	13	;	183
743	;	864	;	146	;	679	;	40
666	;	320	;	80	;	816	;	202
308	;	85	;	8	;	16	;	76
105	;	85	;	2	;	118	;	34
104	;	302	;	153	;	628	;	58
253	;	171	;	188	;	147	;	130
194	;	2198	;	35	;	354	;	63
133	;	2341	;	40	;	0	;	116
413	;	61	;	31	;	120	;	127
121	;	290	;	113	;	2502	;	74
857	;	196	;	735	;	204	;	249
325	;	345	;	4	;	129	;	259
875	;	103	;	8	;	175	;	53
799	;	1264	;	95	;	214	;	67
115	;	84	;	1	;	0	;	35
155	;	199	;	4	;	68	;	107
82	;	563	;	15	;	502	;	96
172	;	70	;	813	;	121	;	182
599	;	791	;	10	;	12	;	138
266	;	100	;	6	;	8	;	567
123	;	763	;	27	;	3	;	0
109	;	85	;	1	;	4	;	52
76	;	56	;	0	;	278	;	88
387	;	841	;	335	;	889	;	96
184	;	299	;	20	;	17	;	85
219	;	572	;	101	;	333	;	31
150	;	261	;	4	;	20	;	38
226	;	213	;	6	;	275	;	50
224	;	442	;	4	;	1	;	61
181	;	469	;	11	;	768	;	87
215	;	158	;	12	;	77	;	13
70	;	0	;	0	;	0	;	4
250	;	319	;	14	;	24	;	82
149	;	259	;	3	;	7	;	107
107	;	195	;	4	;	0	;	7
354	;	1007	;	156	;	3	;	56
283	;	304	;	25	;	171	;	31
292	;	565	;	5	;	12	;	39
109	;	245	;	7	;	2	;	63
127	;	254	;	17	;	187	;	192
240	;	306	;	3	;	0	;	34
190	;	125	;	18	;	2	;	24
64	;	490	;	316	;	330	;	36
188	;	421	;	21	;	57	;	43
166	;	531	;	11	;	0	;	53
440	;	703	;	17	;	329	;	9
92	;	415	;	1	;	42	;	18
104	;	3	;	0	;	0	;	1
177	;	108	;	1	;	1	;	8
100	;	95	;	12	;	0	;	82
161	;	97	;	26	;	21	;	33
102	;	69	;	0	;	7	;	50
170	;	286	;	1	;	0	;	40
34	;	0	;	0	;	0	;	5
112	;	164	;	2	;	11	;	54
248	;	362	;	13	;	338	;	240
283	;	1037	;	41	;	198	;	84
144	;	264	;	76	;	16	;	28
150	;	329	;	6	;	6	;	21
122	;	102	;	15	;	13	;	13
178	;	221	;	24	;	7	;	40
225	;	362	;	74	;	129	;	97
188	;	232	;	15	;	189	;	65
249	;	442	;	194	;	764	;	288
131	;	297	;	44	;	83	;	17
157	;	98	;	81	;	1	;	17
305	;	497	;	128	;	222	;	18
44	;	145	;	1	;	36	;	37
187	;	152	;	5	;	17	;	32
272	;	257	;	139	;	518	;	213
160	;	162	;	12	;	49	;	147
285	;	146	;	39	;	123	;	122
270	;	365	;	7	;	65	;	104
288	;	249	;	123	;	320	;	323
408	;	476	;	61	;	58	;	183
283	;	365	;	72	;	301	;	110
275	;	238	;	143	;	11	;	29
166	;	274	;	77	;	531	;	88
306	;	180	;	17	;	181	;	56
390	;	265	;	10	;	9	;	59
109	;	405	;	4	;	953	;	109
1441	;	31	;	1	;	368	;	315
320	;	156	;	0	;	51	;	32
111	;	64	;	1	;	87	;	145
180	;	162	;	71	;	170	;	4
188	;	654	;	4	;	2	;	105
152	;	46	;	12	;	0	;	33
254	;	183	;	6	;	0	;	171
121	;	150	;	4	;	36	;	54
246	;	211	;	16	;	0	;	30
121	;	129	;	35	;	1	;	56
255	;	230	;	101	;	93	;	354
205	;	212	;	28	;	39	;	95
94	;	187	;	53	;	0	;	9
99	;	22	;	3	;	0	;	103
186	;	197	;	25	;	39	;	76
109	;	133	;	5	;	5	;	2
171	;	324	;	9	;	32	;	65
416	;	255	;	9	;	79	;	63
106	;	42	;	15	;	20	;	80
32	;	221	;	8	;	12	;	198
267	;	803	;	13	;	0	;	302
357	;	181	;	53	;	374	;	249
384	;	185	;	4	;	0	;	54
34	;	56	;	6	;	1	;	32
0	;	0	;	0	;	0	;	0
185	;	196	;	7	;	48	;	79
328	;	506	;	100	;	97	;	199
354	;	261	;	50	;	10	;	43
193	;	327	;	61	;	3	;	35
121	;	192	;	0	;	0	;	97
98	;	65	;	3	;	96	;	42
262	;	73	;	11	;	222	;	208
41	;	27	;	1	;	0	;	32
290	;	199	;	13	;	152	;	178
232	;	687	;	16	;	3	;	73
161	;	67	;	2	;	6	;	39
74	;	73	;	15	;	3	;	135
355	;	269	;	23	;	737	;	136
162	;	167	;	94	;	131	;	122
145	;	51	;	20	;	35	;	87
302	;	204	;	79	;	266	;	304
238	;	94	;	11	;	34	;	63
178	;	144	;	13	;	1321	;	345
177	;	326	;	11	;	29	;	28
137	;	136	;	12	;	42	;	42
161	;	57	;	2	;	0	;	15
215	;	362	;	4805	;	224	;	105
33	;	3	;	2	;	0	;	1
294	;	40	;	6	;	7	;	116
76	;	40	;	2	;	1	;	17
537	;	534	;	17	;	5	;	25
156	;	48	;	7	;	9	;	13
302	;	438	;	6	;	1249	;	544
176	;	82	;	14	;	336	;	77
329	;	196	;	5	;	88	;	113
94	;	12	;	33	;	49	;	183
217	;	133	;	73	;	121	;	110
170	;	521	;	28	;	4	;	82
186	;	196	;	72	;	173	;	77
165	;	69	;	5	;	76	;	136
286	;	590	;	40	;	15	;	157
84	;	45	;	0	;	0	;	8
109	;	207	;	5	;	0	;	39
193	;	9992	;	7	;	5	;	43
619	;	672	;	69	;	49	;	230
85	;	0	;	4	;	0	;	16
251	;	255	;	11	;	10	;	16
44	;	163	;	0	;	2	;	33
372	;	75	;	0	;	400	;	234
81	;	149	;	12	;	0	;	24
118	;	35	;	5	;	2	;	30
61	;	238	;	9	;	13	;	13
70	;	109	;	4	;	0	;	7
239	;	110	;	34	;	39	;	541
75	;	40	;	3	;	6	;	31
102	;	171	;	11	;	52	;	26
343	;	524	;	16	;	108	;	119
153	;	74	;	10	;	0	;	35
79	;	86	;	1	;	0	;	64
125	;	126	;	1	;	20	;	62
77	;	57	;	9	;	6	;	285
354	;	196	;	113	;	76	;	77
179	;	62	;	47	;	186	;	13
428	;	461	;	58	;	293	;	58
134	;	20	;	2	;	0	;	14
336	;	119	;	42	;	82	;	15
413	;	123	;	434	;	7391	;	235
111	;	107	;	3	;	17	;	42
164	;	214	;	1	;	584	;	120
398	;	254	;	153	;	61	;	289
343	;	212	;	1	;	4	;	166
235	;	244	;	4	;	244	;	95
193	;	347	;	59	;	807	;	122
296	;	213	;	12	;	493	;	115
225	;	143	;	50	;	9	;	293
176	;	384	;	3	;	2	;	50
139	;	263	;	100	;	48	;	104
381	;	172	;	160	;	353	;	184
203	;	385	;	2	;	6	;	46
328	;	561	;	68	;	36	;	72
392	;	325	;	48	;	164	;	174
97	;	146	;	27	;	113	;	70
86	;	109	;	6	;	4	;	104
296	;	216	;	114	;	5	;	45
407	;	596	;	39	;	1544	;	284
284	;	311	;	28	;	357	;	916
394	;	312	;	10	;	6	;	37
125	;	16	;	7	;	25	;	40
359	;	228	;	29	;	377	;	129
216	;	270	;	16	;	47	;	100
267	;	537	;	3	;	15	;	5
131	;	102	;	1	;	6	;	19
272	;	274	;	12	;	474	;	97
110	;	141	;	85	;	64	;	94
61	;	0	;	1	;	0	;	5
186	;	571	;	8	;	19	;	39
66	;	122	;	5	;	69	;	36
78	;	207	;	4	;	0	;	74
44	;	71	;	598	;	401	;	65
126	;	271	;	31	;	2	;	214
87	;	87	;	0	;	38	;	57
136	;	178	;	10	;	75	;	73
125	;	194	;	13	;	95	;	132
514	;	195	;	48	;	82	;	97
297	;	244	;	28	;	25	;	59
388	;	381	;	96	;	999	;	101
66	;	84	;	6	;	0	;	59
289	;	177	;	5	;	14	;	132
165	;	217	;	22	;	33	;	0
154	;	321	;	54	;	83	;	79
59	;	259	;	22	;	0	;	56
259	;	1518	;	26	;	3	;	12
87	;	173	;	12	;	0	;	19
117	;	124	;	8	;	14	;	84
371	;	562	;	270	;	479	;	175
149	;	446	;	2	;	113	;	47
64	;	236	;	5	;	39	;	24
615	;	520	;	649	;	125	;	108
154	;	362	;	60	;	1560	;	401
133	;	279	;	59	;	18	;	153
147	;	180	;	72	;	27	;	117
144	;	253	;	64	;	0	;	41
349	;	308	;	130	;	53	;	78
262	;	746	;	32	;	128	;	150
151	;	470	;	12	;	78	;	39
138	;	199	;	147	;	211	;	58
58	;	4	;	1	;	0	;	66
497	;	359	;	143	;	88	;	103
151	;	323	;	36	;	8	;	143
74	;	24	;	7	;	0	;	39
68	;	110	;	14	;	166	;	222
62	;	412	;	2	;	3	;	184
384	;	369	;	402	;	296	;	76
368	;	222	;	59	;	147	;	167
77	;	123	;	1	;	157	;	156
417	;	645	;	57	;	1	;	168
36	;	2	;	56	;	18	;	38
503	;	1077	;	36	;	27	;	20
140	;	266	;	294	;	1634	;	46
76	;	54	;	0	;	9	;	96
96	;	122	;	5	;	24	;	81
179	;	283	;	12	;	27	;	52
84	;	111	;	41	;	3	;	23
149	;	192	;	19	;	259	;	186
200	;	139	;	15	;	0	;	48
112	;	156	;	66	;	73	;	124
43	;	47	;	321	;	1594	;	78
198	;	228	;	57	;	32	;	209
91	;	167	;	14	;	5	;	99
82	;	131	;	62	;	256	;	154
176	;	235	;	192	;	149	;	344
217	;	188	;	10	;	55	;	203
211	;	207	;	44	;	101	;	122
126	;	328	;	14	;	0	;	147
72	;	94	;	0	;	0	;	14
113	;	331	;	11	;	0	;	101
940	;	517	;	3	;	8	;	42
42	;	94	;	1	;	0	;	54
56	;	403	;	20	;	0	;	37
145	;	109	;	5	;	154	;	48
221	;	205	;	15	;	29	;	16
111	;	290	;	7	;	52	;	53
102	;	320	;	13	;	4	;	106
218	;	276	;	24	;	28	;	55
283	;	214	;	1	;	5	;	86
442	;	312	;	151	;	114	;	191
166	;	632	;	25	;	0	;	2
83	;	87	;	43	;	57	;	25
243	;	167	;	13	;	1	;	48
254	;	329	;	26	;	546	;	277
538	;	462	;	12	;	62	;	143
330	;	71	;	2	;	0	;	216
569	;	580	;	26	;	119	;	291
318	;	37	;	65	;	17	;	77
170	;	583	;	38	;	63	;	52
249	;	160	;	21	;	94	;	94
286	;	393	;	10	;	0	;	131
338	;	273	;	100	;	174	;	221
640	;	251	;	4	;	347	;	168
146	;	416	;	75	;	63	;	105
281	;	111	;	78	;	36	;	50
96	;	1027	;	435	;	142	;	48
115	;	166	;	278	;	106	;	104
133	;	168	;	21	;	118	;	158
191	;	172	;	57	;	76	;	212
241	;	540	;	46	;	97	;	56
313	;	208	;	6	;	368	;	49
176	;	183	;	48	;	31	;	82
220	;	209	;	56	;	364	;	82
1840	;	594	;	1147	;	1173	;	621
1238	;	684	;	48	;	3	;	59
426	;	450	;	76	;	1346	;	350
132	;	104	;	5	;	46	;	29
310	;	424	;	41	;	0	;	27
240	;	312	;	68	;	3	;	93
281	;	424	;	24	;	23	;	54
118	;	99	;	3	;	0	;	138
117	;	292	;	806	;	809	;	141
271	;	225	;	49	;	245	;	86
295	;	263	;	157	;	4451	;	145
457	;	587	;	558	;	1134	;	111
605	;	363	;	50	;	254	;	193
65	;	231	;	6	;	182	;	108
83	;	224	;	282	;	0	;	203
199	;	347	;	2	;	294	;	137
47	;	195	;	6	;	133	;	56
102	;	349	;	11	;	0	;	93
386	;	727	;	33	;	540	;	180
290	;	183	;	223	;	27	;	32
1044	;	404	;	259	;	98	;	172
399	;	366	;	259	;	87	;	144
808	;	350	;	642	;	124	;	460
243	;	405	;	267	;	175	;	105
129	;	114	;	1	;	429	;	338
326	;	337	;	265	;	745	;	24
337	;	717	;	22	;	68	;	48
76	;	126	;	24	;	113	;	120
409	;	433	;	24	;	6	;	204
9	;	6	;	1	;	7	;	1
25	;	8	;	2	;	0	;	30
180	;	75	;	27	;	13	;	40
211	;	216	;	2	;	11	;	111
367	;	281	;	107	;	974	;	144
216	;	216	;	27	;	21	;	64
158	;	25	;	11	;	0	;	33
241	;	394	;	23	;	125	;	135
145	;	517	;	30	;	39	;	29
385	;	349	;	28	;	776	;	73
66	;	203	;	4	;	0	;	64
318	;	602	;	121	;	1200	;	120
87	;	156	;	5	;	0	;	59
189	;	238	;	23	;	0	;	28
138	;	338	;	2	;	3	;	45
184	;	219	;	235	;	4	;	76
107	;	325	;	31	;	18	;	59
320	;	88	;	9	;	18	;	92
158	;	219	;	23	;	203	;	81
139	;	94	;	2	;	16	;	59
206	;	433	;	27	;	252	;	108
210	;	296	;	6	;	2	;	85
78	;	143	;	2	;	24	;	41
152	;	57	;	56	;	347	;	163
99	;	124	;	151	;	0	;	186
113	;	69	;	27	;	21	;	28
76	;	23	;	15	;	1	;	4
119	;	225	;	27	;	1110	;	56
139	;	237	;	4	;	0	;	27
154	;	72	;	10	;	3	;	60
6	;	0	;	1	;	1	;	1
39	;	88	;	5	;	0	;	93
129	;	212	;	7	;	8	;	37
138	;	147	;	9	;	91	;	183
83	;	387	;	11	;	28	;	44
65	;	217	;	3	;	385	;	98
23	;	54	;	642	;	0	;	79
72	;	62	;	1	;	0	;	87
116	;	104	;	0	;	149	;	93
149	;	153	;	5	;	42	;	69
180	;	388	;	173	;	20	;	78
95	;	614	;	12	;	18	;	53
118	;	119	;	4	;	3	;	35
109	;	8	;	3	;	0	;	27
550	;	111	;	97	;	97	;	220
95	;	201	;	1	;	5	;	22
90	;	104	;	6	;	0	;	38
135	;	289	;	42	;	734	;	392
91	;	6	;	4	;	9	;	19
329	;	652	;	6	;	530	;	531
54	;	74	;	77	;	53	;	105
84	;	53	;	2	;	1	;	5
391	;	668	;	25	;	55	;	80
338	;	323	;	23	;	2	;	66
73	;	204	;	2	;	37	;	83
187	;	132	;	173	;	133	;	75
107	;	181	;	9	;	430	;	117
185	;	191	;	68	;	32	;	137
154	;	96	;	9	;	7	;	9
188	;	178	;	2	;	4	;	59
80	;	267	;	87	;	77	;	104
61	;	146	;	2	;	2	;	120
223	;	475	;	20	;	1571	;	482
174	;	1003	;	4	;	1	;	14
184	;	228	;	3	;	3	;	83
214	;	194	;	76	;	180	;	56
99	;	202	;	3	;	228	;	54
124	;	252	;	5	;	895	;	91
388	;	452	;	4	;	880	;	199
432	;	145	;	17	;	34	;	124
106	;	129	;	26	;	796	;	53
213	;	138	;	8	;	27	;	428
100	;	42	;	1	;	0	;	273
172	;	391	;	14	;	43	;	222
198	;	228	;	41	;	646	;	95
118	;	300	;	15	;	1601	;	129
77	;	291	;	2	;	7	;	54
163	;	258	;	158	;	338	;	104
36	;	51	;	16	;	1	;	62
252	;	310	;	1	;	107	;	118
325	;	294	;	153	;	296	;	164
95	;	197	;	5	;	74	;	377
258	;	329	;	55	;	228	;	210
472	;	85	;	22	;	0	;	142
68	;	168	;	10	;	20	;	44
243	;	252	;	272	;	1463	;	261
131	;	132	;	2	;	44	;	108
75	;	184	;	2	;	500	;	138
276	;	221	;	222	;	57	;	104
407	;	162	;	162	;	2	;	24
248	;	87	;	65	;	30	;	85
94	;	70	;	29	;	0	;	69
324	;	104	;	99	;	253	;	87
164	;	85	;	2	;	132	;	88
193	;	54	;	7	;	0	;	170
260	;	89	;	5	;	19	;	111
268	;	48	;	2	;	6	;	50
198	;	258	;	12	;	0	;	8
213	;	51	;	3	;	0	;	58
145	;	81	;	7	;	376	;	45
173	;	392	;	6	;	26	;	54
146	;	7	;	36	;	11	;	179
145	;	16	;	1	;	0	;	140
20	;	76	;	106	;	0	;	8
171	;	374	;	5	;	10	;	85
113	;	110	;	16	;	12	;	98
539	;	194	;	7	;	138	;	23
254	;	352	;	5	;	27	;	182
368	;	154	;	24	;	48	;	109
64	;	0	;	8	;	37	;	90
87	;	41	;	32	;	1	;	11
93	;	267	;	15	;	51	;	185
102	;	244	;	10	;	0	;	20
109	;	61	;	3	;	6	;	51
28	;	145	;	0	;	8	;	2
88	;	105	;	3	;	0	;	16
27	;	0	;	1	;	0	;	27
126	;	409	;	21	;	723	;	146
129	;	371	;	9	;	106	;	155
124	;	52	;	3	;	0	;	102
106	;	366	;	4	;	17	;	199
19	;	0	;	1	;	0	;	2
71	;	81	;	5	;	38	;	129
54	;	221	;	7	;	9	;	12
86	;	1	;	1	;	0	;	24
133	;	490	;	42	;	201	;	219
116	;	164	;	3	;	12	;	82
216	;	82	;	4	;	0	;	59
64	;	55	;	1	;	0	;	17
93	;	138	;	100	;	6	;	12
143	;	46	;	63	;	13	;	37
771	;	509	;	13	;	41	;	73
115	;	156	;	1	;	0	;	80
182	;	158	;	4	;	0	;	114
273	;	317	;	55	;	16	;	40
179	;	120	;	62	;	145	;	107
90	;	53	;	115	;	28	;	84
373	;	182	;	64	;	42	;	149
87	;	406	;	31	;	145	;	80
147	;	147	;	10	;	0	;	39
399	;	443	;	24	;	21	;	58
66	;	11	;	5	;	0	;	105
37	;	100	;	5	;	2	;	102
154	;	246	;	1	;	53	;	43
124	;	115	;	16	;	64	;	85
118	;	35	;	49	;	0	;	1
143	;	104	;	53	;	336	;	66
102	;	67	;	17	;	0	;	58
53	;	37	;	3	;	0	;	23
34	;	27	;	10	;	3	;	20
18	;	31	;	7	;	1	;	44
94	;	139	;	5	;	0	;	24
62	;	109	;	86	;	75	;	83
261	;	128	;	7	;	261	;	45
71	;	70	;	1	;	136	;	84
39	;	26	;	0	;	0	;	18
365	;	365	;	265	;	25	;	37
114	;	302	;	16	;	23	;	39
199	;	321	;	7	;	2	;	175
158	;	120	;	3	;	15	;	38
866	;	926	;	362	;	59	;	675
49	;	1	;	0	;	0	;	7
181	;	135	;	28	;	2	;	80
142	;	206	;	2	;	17	;	823
84	;	165	;	47	;	111	;	65
88	;	0	;	26	;	0	;	10
157	;	82	;	3	;	29	;	109
310	;	300	;	80	;	383	;	140
186	;	49	;	17	;	88	;	71
291	;	163	;	7	;	35	;	101
462	;	356	;	10	;	4	;	114
109	;	59	;	12	;	0	;	13
210	;	175	;	8	;	5	;	133
161	;	124	;	2	;	5	;	184
76	;	227	;	2	;	263	;	126
173	;	92	;	5	;	0	;	136
79	;	57	;	3	;	32	;	29
235	;	150	;	5	;	2	;	72
102	;	165	;	18	;	76	;	79
112	;	40	;	5	;	4	;	51
55	;	191	;	3	;	0	;	1
142	;	100	;	13	;	10	;	48
85	;	157	;	46	;	39	;	36
47	;	20	;	0	;	0	;	49
29	;	64	;	1	;	0	;	13
147	;	201	;	7	;	458	;	67
107	;	333	;	28	;	18	;	10
57	;	1	;	9	;	10	;	129
185	;	69	;	11	;	5	;	106
32	;	36	;	2	;	1	;	28
257	;	212	;	28	;	530	;	23
370	;	120	;	4	;	41	;	75
136	;	137	;	421	;	101	;	110
83	;	449	;	67	;	0	;	58
218	;	18	;	1	;	4	;	63
45	;	334	;	1	;	0	;	0
296	;	273	;	15	;	39	;	101
445	;	473	;	7	;	96	;	178
213	;	95	;	6	;	5	;	34
185	;	292	;	10	;	6	;	25
168	;	102	;	11	;	9	;	67
137	;	310	;	10	;	1	;	29
142	;	219	;	105	;	8	;	104
453	;	195	;	5	;	13	;	100
98	;	72	;	2	;	2	;	54
132	;	51	;	7	;	0	;	0
134	;	251	;	16	;	15	;	35
65	;	22	;	11	;	180	;	61
155	;	116	;	9	;	11	;	60
64	;	54	;	9	;	0	;	20
106	;	222	;	5	;	3	;	48
408	;	121	;	187	;	96	;	222
210	;	333	;	3	;	10	;	28
112	;	2664	;	2	;	18	;	151
318	;	811	;	76	;	383	;	243
209	;	492	;	22	;	31	;	53
86	;	37	;	6	;	60	;	115
34	;	379	;	0	;	14	;	35
214	;	213	;	79	;	245	;	105
117	;	129	;	5	;	3	;	261
275	;	160	;	14	;	19	;	91
145	;	264	;	5	;	111	;	58
89	;	50	;	2	;	1	;	31
91	;	51	;	16	;	0	;	16
73	;	55	;	5	;	0	;	24
166	;	437	;	6	;	17	;	31
31	;	210	;	3	;	6	;	14
434	;	246	;	481	;	122	;	126
132	;	216	;	1	;	62	;	58
145	;	180	;	201	;	136	;	57
164	;	161	;	165	;	74	;	102
336	;	216	;	28	;	35	;	39
112	;	160	;	63	;	0	;	28
387	;	316	;	13	;	192	;	173
142	;	279	;	118	;	37	;	113
84	;	56	;	2	;	11	;	72
247	;	152	;	96	;	44	;	43
65	;	11	;	11	;	0	;	13
196	;	149	;	1	;	6	;	68
89	;	84	;	3	;	0	;	78
191	;	77	;	5	;	0	;	124
107	;	105	;	11	;	44	;	66
141	;	458	;	61	;	64	;	111
456	;	186	;	6	;	67	;	28
292	;	236	;	38	;	328	;	39
422	;	151	;	16	;	0	;	57
158	;	129	;	87	;	9	;	149
161	;	189	;	11	;	75	;	50
216	;	207	;	3	;	201	;	34
92	;	269	;	0	;	2	;	32
152	;	70	;	1	;	8	;	77
157	;	175	;	9	;	14	;	37
184	;	186	;	17	;	50	;	156
238	;	230	;	11	;	3	;	70
148	;	88	;	114	;	87	;	325
94	;	521	;	34	;	963	;	94
111	;	97	;	2	;	0	;	17
150	;	192	;	10	;	1	;	137
324	;	377	;	14	;	275	;	65
229	;	155	;	2	;	54	;	65
102	;	380	;	2	;	173	;	122
168	;	39	;	1	;	1	;	37
121	;	46	;	10	;	26	;	24
103	;	69	;	17	;	1	;	19
233	;	272	;	218	;	578	;	137
292	;	381	;	240	;	0	;	42
216	;	30	;	16	;	0	;	48
113	;	244	;	33	;	598	;	519
100	;	233	;	16	;	116	;	126
335	;	148	;	43	;	357	;	286
308	;	109	;	6	;	117	;	115
463	;	107	;	64	;	0	;	132
402	;	476	;	115	;	183	;	13
58	;	21	;	3	;	7	;	33
457	;	288	;	307	;	178	;	128
128	;	330	;	3	;	243	;	311
148	;	149	;	7	;	261	;	164
170	;	79	;	2	;	177	;	175
258	;	56	;	64	;	228	;	48
64	;	138	;	8	;	111	;	481
222	;	240	;	27	;	74	;	74
153	;	55	;	30	;	125	;	144
291	;	445	;	175	;	2753	;	227
377	;	400	;	52	;	126	;	173
82	;	65	;	2	;	0	;	100
1064	;	203	;	142	;	856	;	225
369	;	194	;	637	;	711	;	210
280	;	22	;	6	;	193	;	85
202	;	357	;	30	;	69	;	188
286	;	244	;	31	;	928	;	91
274	;	145	;	83	;	1552	;	148
36	;	1	;	8	;	0	;	5
264	;	135	;	94	;	245	;	179
1824	;	117	;	30	;	2330	;	959
200	;	184	;	84	;	237	;	320
118	;	156	;	21	;	9	;	132
529	;	307	;	30	;	43	;	17
192	;	287	;	70	;	7	;	117
611	;	515	;	186	;	26	;	110
208	;	355	;	283	;	97	;	127
182	;	440	;	101	;	332	;	227
559	;	115	;	26	;	554	;	15
193	;	27	;	28	;	106	;	105
262	;	327	;	278	;	1447	;	281
74	;	76	;	1	;	6	;	16
107	;	184	;	2	;	5	;	53
155	;	345	;	16	;	3	;	115
52	;	329	;	7	;	1	;	1
165	;	248	;	56	;	25	;	102
141	;	227	;	8	;	12	;	41
204	;	160	;	97	;	6	;	104
242	;	37	;	31	;	0	;	68
398	;	55	;	52	;	56	;	116
329	;	420	;	5	;	7	;	64
58	;	55	;	2	;	1	;	3
145	;	254	;	9	;	13	;	51
177	;	199	;	3	;	2	;	48
158	;	263	;	115	;	18	;	33
248	;	164	;	155	;	943	;	348
277	;	204	;	16	;	6	;	93
180	;	86	;	44	;	6	;	117
246	;	522	;	13	;	19	;	186
114	;	282	;	7	;	0	;	80
135	;	215	;	7	;	173	;	114
247	;	505	;	40	;	2608	;	99
154	;	223	;	2	;	80	;	113
157	;	213	;	19	;	20	;	37
47	;	52	;	1	;	53	;	117
263	;	378	;	16	;	12	;	250
116	;	297	;	5	;	0	;	91
112	;	244	;	8	;	523	;	211
101	;	146	;	6	;	53	;	28
345	;	193	;	23	;	36	;	42
143	;	278	;	26	;	31	;	288
130	;	76	;	12	;	24	;	54
52	;	23	;	12	;	80	;	3
306	;	349	;	19	;	0	;	63
40	;	76	;	3	;	18	;	17
101	;	90	;	25	;	16	;	35
147	;	347	;	1	;	8	;	139
45	;	36	;	1	;	1	;	19
184	;	105	;	56	;	30	;	86
135	;	231	;	27	;	13	;	83
690	;	304	;	165	;	21	;	72
129	;	148	;	27	;	53	;	57
162	;	331	;	4	;	3	;	129
70	;	250	;	2	;	0	;	95
75	;	104	;	1	;	13	;	104
159	;	102	;	11	;	11	;	32
301	;	210	;	23	;	260	;	91
832	;	178	;	15	;	395	;	578
113	;	197	;	35	;	96	;	40
373	;	535	;	4	;	4	;	108
199	;	209	;	34	;	59	;	50
134	;	261	;	35	;	202	;	170
105	;	108	;	7	;	27	;	53
208	;	266	;	87	;	9	;	42
71	;	96	;	13	;	0	;	7
35	;	86	;	18	;	17	;	91
40	;	78	;	1	;	54	;	54
378	;	596	;	92	;	209	;	852
172	;	483	;	84	;	541	;	131
108	;	109	;	27	;	5	;	28
57	;	46	;	7	;	0	;	52
95	;	191	;	8	;	0	;	44
145	;	310	;	89	;	190	;	114
40	;	93	;	29	;	1	;	6
128	;	57	;	2	;	25	;	36
166	;	316	;	8	;	19	;	91
149	;	310	;	1	;	0	;	71
108	;	128	;	17	;	0	;	82
88	;	87	;	23	;	66	;	333
94	;	108	;	3	;	93	;	68
72	;	64	;	8	;	0	;	53
63	;	87	;	2	;	0	;	28
142	;	379	;	17	;	464	;	48
346	;	236	;	38	;	128	;	266
123	;	312	;	7	;	32	;	106
163	;	113	;	35	;	158	;	130
335	;	129	;	18	;	112	;	171
140	;	326	;	1	;	66	;	295
167	;	521	;	30	;	304	;	89
185	;	304	;	3	;	17	;	95
147	;	129	;	0	;	0	;	62
116	;	201	;	3	;	5	;	28
260	;	252	;	14	;	68	;	169
129	;	160	;	16	;	1	;	79
126	;	50	;	3	;	52	;	11
155	;	295	;	3	;	17	;	40
276	;	119	;	17	;	29	;	67
277	;	297	;	12	;	737	;	116
167	;	421	;	13	;	6	;	68
183	;	145	;	67	;	1	;	32
114	;	145	;	3	;	0	;	22
81	;	74	;	13	;	23	;	68
362	;	344	;	36	;	453	;	94
434	;	301	;	27	;	259	;	136
691	;	354	;	10	;	64	;	497
212	;	154	;	14	;	119	;	190
147	;	360	;	4	;	2116	;	39
180	;	133	;	11	;	0	;	14
208	;	197	;	7	;	55	;	43
101	;	299	;	12	;	2	;	95
132	;	27	;	5	;	5	;	65
171	;	23	;	6	;	29	;	48
484	;	121	;	56	;	98	;	161
104	;	317	;	113	;	14	;	371
243	;	982	;	33	;	1398	;	164
226	;	400	;	1	;	0	;	63
169	;	190	;	85	;	31	;	86
180	;	130	;	121	;	120	;	27
110	;	122	;	9	;	26	;	72
198	;	192	;	1	;	33	;	51
417	;	11	;	620	;	4	;	26
102	;	71	;	2	;	0	;	24
237	;	302	;	2	;	0	;	126
161	;	1299	;	1	;	0	;	17
92	;	119	;	9	;	0	;	100
207	;	210	;	1	;	721	;	60
80	;	97	;	2	;	4	;	21
84	;	134	;	0	;	1	;	51
320	;	235	;	0	;	94	;	22
113	;	155	;	8	;	11	;	75
283	;	197	;	17	;	239	;	46
131	;	365	;	20	;	0	;	94
251	;	416	;	150	;	129	;	155
58	;	87	;	41	;	1	;	24
52	;	20	;	1	;	10	;	5
55	;	27	;	0	;	4	;	28
256	;	340	;	4	;	645	;	78
139	;	38	;	10	;	1	;	5
270	;	802	;	61	;	27	;	232
54	;	75	;	7	;	0	;	50
104	;	119	;	0	;	10	;	83
170	;	424	;	14	;	62	;	84
242	;	162	;	63	;	4	;	48
239	;	214	;	1	;	5	;	27
139	;	110	;	40	;	6	;	212
166	;	113	;	10	;	138	;	57
53	;	336	;	6	;	578	;	98
114	;	120	;	75	;	22	;	108
77	;	84	;	2	;	13	;	73
29	;	6	;	0	;	0	;	3
114	;	80	;	35	;	23	;	21
57	;	79	;	0	;	0	;	12
183	;	459	;	18	;	1	;	147
194	;	171	;	7	;	0	;	36
31	;	40	;	111	;	19	;	59
204	;	143	;	4	;	0	;	31
205	;	199	;	2	;	32	;	173
98	;	578	;	4	;	96	;	46
56	;	49	;	17	;	664	;	238
68	;	41	;	6	;	88	;	82
3366	;	567	;	202	;	282	;	25
289	;	117	;	7	;	1577	;	65
96	;	212	;	16	;	43	;	51
90	;	67	;	204	;	216	;	206
87	;	32	;	3	;	1395	;	34
675	;	654	;	150	;	306	;	209
133	;	114	;	27	;	33	;	62
555	;	629	;	184	;	28	;	43
354	;	113	;	12	;	62	;	125
185	;	395	;	112	;	1959	;	216
203	;	46	;	51	;	6	;	52
224	;	228	;	50	;	4	;	175
213	;	58	;	21	;	2	;	89
53	;	25	;	0	;	0	;	7
136	;	28	;	21	;	1	;	10
133	;	59	;	13	;	10	;	89
112	;	93	;	188	;	8	;	28
112	;	62	;	0	;	0	;	207
101	;	109	;	6	;	0	;	107
7	;	7	;	0	;	0	;	1
100	;	200	;	2	;	17	;	72
67	;	2	;	0	;	0	;	12
129	;	153	;	80	;	0	;	103
185	;	264	;	4	;	106	;	36
221	;	204	;	2	;	126	;	75
350	;	162	;	32	;	18	;	153
83	;	10	;	1	;	6	;	21
149	;	139	;	20	;	141	;	74
407	;	154	;	314	;	167	;	58
147	;	386	;	0	;	0	;	0
61	;	23	;	6	;	48	;	52
246	;	132	;	22	;	25	;	37
89	;	57	;	78	;	2	;	63
165	;	195	;	15	;	26	;	63
75	;	188	;	44	;	38	;	58
115	;	138	;	31	;	10	;	69
92	;	39	;	3	;	4	;	47
197	;	179	;	116	;	1324	;	24
45	;	10	;	9	;	8	;	29
190	;	168	;	13	;	0	;	38
107	;	96	;	14	;	20	;	167
153	;	103	;	5	;	0	;	41
20	;	1	;	10	;	0	;	22
172	;	72	;	12	;	98	;	294
65	;	21	;	7	;	13	;	28
313	;	228	;	8	;	0	;	662
68	;	133	;	3	;	47	;	101
196	;	254	;	30	;	315	;	577
184	;	269	;	74	;	407	;	106
500	;	315	;	47	;	31	;	24
94	;	66	;	19	;	6	;	43
136	;	11	;	0	;	1	;	35
200	;	265	;	3	;	3	;	48
475	;	123	;	114	;	55	;	45
735	;	2657	;	60	;	93	;	178
68	;	65	;	26	;	13	;	8
129	;	80	;	8	;	0	;	68
244	;	68	;	48	;	436	;	74
247	;	117	;	2	;	36	;	11
122	;	24	;	15	;	0	;	17
140	;	10	;	24	;	13	;	23
273	;	144	;	21	;	129	;	357
68	;	27	;	8	;	24	;	35
251	;	239	;	19	;	156	;	273