1	;	3	;	0	;	0	;	0
1	;	5	;	2	;	0	;	0
3	;	11	;	1	;	0	;	3
9	;	16	;	1	;	0	;	0
12	;	2	;	1	;	0	;	0
19	;	2	;	13	;	0	;	1
19	;	5	;	2	;	0	;	8
20	;	117	;	5	;	4	;	85
23	;	32	;	1	;	1	;	0
24	;	344	;	32	;	36	;	58
29	;	204	;	4	;	67	;	44
32	;	50	;	2	;	2	;	39
40	;	15	;	4	;	16	;	16
40	;	29	;	35	;	22	;	21
42	;	10	;	2	;	0	;	1
42	;	136	;	2	;	1	;	160
43	;	7	;	2	;	0	;	0
43	;	204	;	7	;	81	;	19
43	;	306	;	19	;	69	;	51
44	;	119	;	15	;	0	;	41
44	;	203	;	15	;	784	;	255
47	;	195	;	1	;	0	;	64
48	;	288	;	6	;	4	;	22
48	;	282	;	6	;	6	;	30
52	;	87	;	1	;	0	;	69
52	;	310	;	82	;	33	;	128
55	;	37	;	4	;	4	;	25
55	;	60	;	16	;	2	;	30
55	;	66	;	6	;	44	;	100
57	;	378	;	15	;	45	;	118
59	;	377	;	4	;	1209	;	156
64	;	246	;	1	;	1	;	135
66	;	160	;	29	;	32	;	22
68	;	0	;	14	;	1	;	1
68	;	55	;	8	;	16	;	93
69	;	49	;	9	;	1	;	3
70	;	223	;	10	;	12	;	129
70	;	102	;	12	;	0	;	199
71	;	5	;	4	;	4	;	11
71	;	275	;	43	;	114	;	26
72	;	40	;	2	;	0	;	40
73	;	42	;	181	;	0	;	2
73	;	204	;	2	;	37	;	83
73	;	266	;	3	;	3	;	114
75	;	156	;	141	;	18	;	1
78	;	101	;	1	;	0	;	4
79	;	19	;	3	;	0	;	27
79	;	181	;	250	;	142	;	139
81	;	140	;	227	;	22	;	429
82	;	179	;	0	;	0	;	49
84	;	150	;	2	;	0	;	10
84	;	95	;	39	;	3	;	65
85	;	84	;	9	;	11	;	46
86	;	320	;	14	;	42	;	57
90	;	211	;	52	;	24	;	103
92	;	930	;	288	;	231	;	1051
96	;	110	;	42	;	41	;	57
96	;	67	;	11	;	3	;	63
102	;	77	;	2	;	0	;	41
102	;	85	;	4	;	28	;	143
102	;	192	;	5	;	20	;	647
107	;	212	;	94	;	905	;	25
107	;	71	;	21	;	5	;	230
111	;	140	;	1	;	105	;	310
116	;	496	;	33	;	136	;	17
120	;	181	;	21	;	202	;	79
121	;	175	;	4	;	36	;	94
123	;	14	;	11	;	1	;	3
123	;	6	;	11	;	0	;	27
124	;	274	;	29	;	0	;	140
125	;	69	;	9	;	19	;	13
129	;	103	;	26	;	20	;	33
130	;	113	;	11	;	5	;	11
130	;	251	;	2	;	29	;	29
136	;	112	;	9	;	4	;	142
139	;	152	;	26	;	2	;	28
139	;	34	;	10	;	0	;	62
140	;	139	;	33	;	13	;	153
147	;	10	;	7	;	8	;	3
148	;	307	;	41	;	252	;	45
150	;	370	;	6	;	150	;	191
155	;	334	;	6	;	29	;	27
158	;	273	;	11	;	47	;	148
161	;	260	;	26	;	43	;	42
161	;	69	;	48	;	152	;	270
162	;	197	;	132	;	521	;	68
163	;	260	;	25	;	0	;	88
166	;	196	;	15	;	241	;	35
167	;	503	;	18	;	137	;	54
168	;	150	;	15	;	27	;	22
168	;	253	;	383	;	888	;	82
170	;	697	;	10	;	6	;	425
171	;	454	;	6	;	9	;	504
174	;	146	;	7	;	1856	;	144
176	;	17	;	12	;	17	;	20
179	;	62	;	2	;	0	;	141
182	;	421	;	1	;	19	;	37
183	;	554	;	43	;	7	;	81
183	;	19	;	9	;	1	;	233
188	;	181	;	36	;	189	;	46
193	;	4	;	87	;	0	;	13
204	;	1693	;	151	;	507	;	27
214	;	1064	;	15	;	74	;	170
220	;	72	;	10	;	27	;	52
223	;	30	;	129	;	23	;	2
223	;	187	;	14	;	0	;	14
223	;	284	;	37	;	53	;	41
224	;	120	;	22	;	71	;	25
224	;	83	;	147	;	37	;	84
226	;	119	;	3	;	26	;	37
231	;	306	;	35	;	342	;	33
234	;	140	;	13	;	138	;	35
234	;	230	;	3	;	32	;	507
245	;	374	;	4	;	0	;	93
245	;	402	;	322	;	1047	;	662
249	;	103	;	27	;	200	;	65
258	;	485	;	2	;	210	;	45
259	;	547	;	8	;	612	;	517
261	;	93	;	67	;	7	;	101
271	;	360	;	26	;	60	;	152
273	;	47	;	17	;	4	;	43
275	;	438	;	36	;	192	;	122
277	;	517	;	27	;	24	;	75
283	;	215	;	41	;	25	;	167
290	;	431	;	41	;	18	;	40
290	;	154	;	2	;	49	;	57
300	;	489	;	21	;	15	;	75
314	;	437	;	56	;	427	;	181
327	;	660	;	71	;	31	;	153
329	;	228	;	1	;	94	;	41
330	;	1426	;	162	;	354	;	47
330	;	382	;	22	;	30	;	84
355	;	46	;	17	;	187	;	0
368	;	443	;	43	;	19	;	51
369	;	821	;	205	;	344	;	252
370	;	563	;	154	;	1146	;	468
375	;	606	;	168	;	31	;	214
383	;	204	;	8	;	0	;	27
402	;	91	;	1147	;	455	;	207
426	;	1225	;	479	;	434	;	844
468	;	1097	;	17	;	309	;	28
509	;	225	;	47	;	43	;	126
544	;	507	;	2	;	324	;	280
581	;	1021	;	20	;	213	;	152
583	;	257	;	9	;	68	;	119
591	;	573	;	580	;	69	;	210
736	;	619	;	385	;	17	;	27
786	;	576	;	34	;	426	;	149
804	;	533	;	118	;	741	;	405
894	;	359	;	52	;	28	;	160
1057	;	786	;	889	;	1544	;	384
1305	;	240	;	48	;	15	;	121
1398	;	202	;	261	;	13	;	50
2023	;	750	;	434	;	105	;	429
2273	;	792	;	269	;	48	;	63
26	;	0	;	2	;	0	;	0
63	;	45	;	3	;	0	;	0
70	;	572	;	7	;	0	;	0
40	;	82	;	10	;	0	;	0
0	;	4	;	0	;	1	;	1
223	;	30	;	129	;	23	;	2
220	;	105	;	11	;	0	;	5
233	;	1	;	1	;	0	;	6
154	;	19	;	6	;	2	;	12
27	;	50	;	6	;	0	;	15
75	;	17	;	1	;	85	;	16
95	;	1276	;	4	;	2	;	17
19	;	438	;	16	;	3	;	17
181	;	352	;	30	;	30	;	18
62	;	34	;	4	;	32	;	20
100	;	102	;	14	;	10	;	21
192	;	81	;	6	;	16	;	21
117	;	263	;	2	;	565	;	22
78	;	17	;	0	;	0	;	29
193	;	140	;	17	;	8	;	29
347	;	285	;	0	;	55	;	29
32	;	53	;	2	;	23	;	30
174	;	421	;	847	;	28	;	30
66	;	18	;	3	;	3	;	31
120	;	284	;	8	;	90	;	34
369	;	793	;	106	;	0	;	38
109	;	206	;	7	;	13	;	38
138	;	14	;	1	;	0	;	39
111	;	34	;	4	;	0	;	41
162	;	265	;	11	;	30	;	41
30	;	92	;	2	;	0	;	50
108	;	210	;	5	;	0	;	50
220	;	257	;	9	;	8	;	50
88	;	156	;	17	;	0	;	51
189	;	307	;	2	;	137	;	51
301	;	538	;	116	;	12	;	52
27	;	69	;	4	;	3	;	58
63	;	68	;	1	;	7	;	58
93	;	125	;	31	;	21	;	61
516	;	446	;	75	;	75	;	61
88	;	275	;	1	;	17	;	62
503	;	425	;	13	;	4	;	63
106	;	219	;	8	;	28	;	64
162	;	716	;	13	;	23	;	68
99	;	412	;	2	;	1019	;	70
46	;	0	;	47	;	145	;	72
252	;	336	;	66	;	155	;	74
92	;	170	;	21	;	7	;	76
210	;	285	;	132	;	494	;	76
46	;	140	;	9	;	1	;	79
148	;	90	;	13	;	4	;	79
176	;	154	;	1720	;	70	;	79
147	;	228	;	7	;	6	;	80
66	;	297	;	53	;	37	;	81
399	;	123	;	41	;	3	;	82
192	;	203	;	73	;	48	;	82
313	;	353	;	24	;	131	;	82
270	;	235	;	4	;	306	;	82
334	;	374	;	15	;	41	;	85
966	;	16	;	1	;	6	;	86
112	;	254	;	14	;	111	;	86
98	;	355	;	48	;	104	;	87
124	;	241	;	7	;	199	;	90
176	;	633	;	9	;	1	;	91
77	;	54	;	31	;	134	;	93
83	;	47	;	1	;	0	;	94
305	;	138	;	32	;	31	;	95
68	;	327	;	16	;	55	;	95
438	;	261	;	1	;	355	;	98
307	;	65	;	6	;	233	;	100
59	;	302	;	46	;	2	;	103
144	;	457	;	9	;	125	;	109
337	;	128	;	1	;	2	;	110
147	;	229	;	37	;	3	;	116
398	;	219	;	13	;	7	;	116
204	;	66	;	27	;	61	;	116
192	;	135	;	4	;	43	;	119
140	;	30	;	6	;	165	;	120
232	;	318	;	31	;	12	;	126
103	;	101	;	5	;	56	;	130
185	;	776	;	9	;	174	;	135
114	;	272	;	128	;	103	;	140
112	;	180	;	24	;	3	;	155
225	;	134	;	5	;	340	;	161
161	;	164	;	12	;	0	;	162
99	;	134	;	15	;	49	;	163
201	;	392	;	142	;	15	;	170
80	;	547	;	1	;	203	;	176
302	;	333	;	1	;	10	;	183
62	;	96	;	1	;	24	;	186
213	;	499	;	35	;	158	;	188
1615	;	739	;	1718	;	93	;	194
164	;	287	;	53	;	104	;	198
799	;	1275	;	5	;	223	;	206
24	;	436	;	18	;	40	;	229
608	;	248	;	435	;	56	;	230
152	;	189	;	3	;	13	;	233
63	;	565	;	5	;	273	;	236
260	;	430	;	2	;	2051	;	250
239	;	846	;	266	;	66	;	255
185	;	900	;	21	;	365	;	259
413	;	348	;	114	;	596	;	353
58	;	192	;	1	;	442	;	358
254	;	301	;	4	;	79	;	399
198	;	808	;	42	;	33	;	405
108	;	213	;	22	;	0	;	487
191	;	1035	;	60	;	639	;	525
344	;	2	;	186	;	165	;	647
119	;	243	;	80	;	2559	;	754
355	;	865	;	556	;	1171	;	854
88	;	20	;	1	;	4	;	28
85	;	109	;	10	;	35	;	166
19	;	3	;	0	;	0	;	1
127	;	337	;	53	;	136	;	262
103	;	28	;	1	;	2	;	31
29	;	29	;	1	;	0	;	0
48	;	23	;	10	;	1	;	23
129	;	137	;	11	;	0	;	37
94	;	4	;	1	;	0	;	0
0	;	8	;	1	;	0	;	12
98	;	134	;	4	;	2	;	87
165	;	233	;	8	;	13	;	50
61	;	335	;	4	;	96	;	188
116	;	79	;	35	;	0	;	30
165	;	67	;	8	;	0	;	25
163	;	54	;	4	;	8	;	40
258	;	164	;	23	;	6	;	99
158	;	25	;	8	;	7	;	97
103	;	289	;	47	;	7	;	145
284	;	624	;	4	;	2	;	144
126	;	252	;	20	;	56	;	44
194	;	388	;	12	;	2830	;	86
82	;	105	;	5	;	0	;	20
351	;	44	;	104	;	45	;	63
61	;	8	;	0	;	1	;	32
663	;	236	;	0	;	0	;	11
142	;	102	;	4	;	211	;	30
59	;	19	;	1	;	6	;	4
54	;	43	;	6	;	4	;	48
194	;	146	;	28	;	26	;	124
268	;	137	;	53	;	29	;	59
180	;	272	;	1	;	5	;	30
121	;	123	;	2	;	40	;	65
78	;	50	;	3	;	6	;	1
107	;	190	;	2	;	1	;	26
183	;	158	;	6	;	37	;	167
42	;	3	;	7	;	1	;	45
21	;	13	;	10	;	11	;	5
113	;	122	;	4	;	1171	;	159
88	;	85	;	178	;	34	;	55
298	;	433	;	44	;	12	;	214
200	;	103	;	5	;	5	;	8
52	;	194	;	15	;	0	;	21
362	;	235	;	35	;	157	;	508
107	;	117	;	25	;	0	;	63
127	;	244	;	7	;	7	;	120
199	;	382	;	12	;	17	;	212
142	;	146	;	20	;	0	;	12
464	;	212	;	6	;	0	;	29
112	;	62	;	70	;	94	;	39
170	;	109	;	4	;	3	;	283
223	;	581	;	21	;	24	;	39
115	;	120	;	5	;	1	;	30
13	;	8	;	2	;	24	;	2
41	;	469	;	10	;	1	;	29
74	;	45	;	4	;	0	;	4
52	;	168	;	3	;	0	;	64
81	;	43	;	4	;	7	;	62
5	;	0	;	0	;	0	;	0
52	;	113	;	0	;	2	;	23
39	;	75	;	19	;	0	;	481
63	;	514	;	11	;	148	;	101
257	;	380	;	38	;	490	;	55
96	;	155	;	3	;	17	;	71
224	;	258	;	59	;	65	;	95
169	;	242	;	2	;	2	;	19
136	;	74	;	5	;	0	;	60
70	;	30	;	1	;	0	;	55
540	;	286	;	21	;	0	;	66
201	;	214	;	17	;	33	;	151
161	;	91	;	22	;	6	;	16
44	;	77	;	12	;	0	;	48
58	;	93	;	29	;	76	;	105
85	;	18	;	1	;	2	;	5
94	;	108	;	3	;	93	;	68
182	;	164	;	139	;	162	;	39
223	;	103	;	20	;	68	;	327
234	;	181	;	77	;	2	;	74
74	;	16	;	1	;	8	;	52
159	;	77	;	18	;	1	;	10
67	;	123	;	1	;	0	;	17
74	;	76	;	0	;	0	;	78
97	;	158	;	3	;	51	;	170
271	;	620	;	170	;	34	;	83
233	;	77	;	53	;	12	;	73
158	;	359	;	4	;	337	;	99
164	;	95	;	24	;	3	;	52
172	;	237	;	20	;	101	;	34
233	;	6	;	18	;	0	;	24
163	;	65	;	27	;	1	;	54
253	;	570	;	46	;	32	;	50
235	;	208	;	114	;	163	;	223
277	;	531	;	11	;	75	;	14
74	;	195	;	32	;	1	;	78
454	;	150	;	68	;	73	;	99
95	;	222	;	24	;	148	;	77
203	;	126	;	22	;	1	;	23
149	;	146	;	25	;	0	;	14
14	;	23	;	4	;	0	;	4
293	;	591	;	8	;	121	;	144
160	;	270	;	14	;	374	;	70
185	;	342	;	143	;	90	;	53
37	;	162	;	1	;	0	;	32
64	;	236	;	1	;	22	;	248
148	;	69	;	4	;	63	;	8
102	;	128	;	2	;	10	;	150
167	;	81	;	2	;	0	;	0
229	;	310	;	4	;	21	;	83
134	;	166	;	12	;	26	;	132
36	;	3	;	1	;	2	;	12
58	;	125	;	18	;	0	;	160
14	;	36	;	6	;	0	;	1
203	;	88	;	2	;	0	;	27
181	;	292	;	16	;	409	;	138
69	;	110	;	14	;	234	;	19
312	;	170	;	57	;	106	;	153
483	;	736	;	39	;	52	;	113
169	;	228	;	4	;	51	;	31
111	;	128	;	221	;	478	;	38
80	;	323	;	7	;	0	;	12
110	;	162	;	0	;	0	;	5
244	;	223	;	25	;	1	;	169
80	;	114	;	5	;	65	;	30
125	;	209	;	59	;	17	;	4
130	;	240	;	5	;	46	;	10
132	;	125	;	60	;	176	;	115
149	;	514	;	13	;	61	;	99
69	;	0	;	1	;	1116	;	9
329	;	259	;	6	;	164	;	39
139	;	216	;	4	;	0	;	69
68	;	58	;	2	;	2	;	183
127	;	358	;	4	;	9	;	41
61	;	67	;	14	;	0	;	67
43	;	126	;	6	;	0	;	96
70	;	52	;	3	;	27	;	13
162	;	0	;	2	;	0	;	26
148	;	157	;	20	;	1	;	36
68	;	123	;	15	;	30	;	105
135	;	405	;	88	;	136	;	52
42	;	72	;	5	;	1	;	44
320	;	526	;	51	;	122	;	96
69	;	77	;	26	;	1	;	14
379	;	458	;	284	;	130	;	141
69	;	580	;	0	;	2	;	23
225	;	240	;	2	;	5	;	67
125	;	178	;	4	;	463	;	211
68	;	167	;	8	;	22	;	135
135	;	221	;	4	;	12	;	126
92	;	124	;	7	;	0	;	23
309	;	689	;	2	;	141	;	134
87	;	120	;	36	;	7	;	18
183	;	465	;	30	;	6	;	36
154	;	169	;	88	;	102	;	293
66	;	141	;	7	;	4	;	12
85	;	159	;	39	;	11	;	76
147	;	157	;	15	;	8	;	64
302	;	406	;	6	;	30	;	201
154	;	269	;	32	;	3	;	13
185	;	261	;	6	;	0	;	17
277	;	221	;	3	;	3	;	11
266	;	389	;	8	;	408	;	68
319	;	275	;	101	;	142	;	105
248	;	237	;	47	;	63	;	45
119	;	441	;	7	;	34	;	55
119	;	229	;	7	;	683	;	57
99	;	110	;	0	;	0	;	5
191	;	321	;	1	;	24	;	246
184	;	949	;	20	;	464	;	34
69	;	79	;	2	;	2	;	9
130	;	198	;	4	;	0	;	67
109	;	104	;	3	;	0	;	8
18	;	0	;	0	;	3	;	12
113	;	366	;	3	;	0	;	22
200	;	259	;	4	;	845	;	17
188	;	193	;	1	;	37	;	72
250	;	250	;	24	;	6	;	29
90	;	143	;	0	;	0	;	9
83	;	159	;	159	;	191	;	129
78	;	98	;	4	;	1	;	51
104	;	297	;	6	;	198	;	108
244	;	301	;	85	;	179	;	69
247	;	420	;	56	;	55	;	34
122	;	0	;	8	;	12	;	41
120	;	139	;	5	;	0	;	20
84	;	59	;	0	;	0	;	9
140	;	151	;	27	;	10	;	41
135	;	98	;	15	;	13	;	38
130	;	703	;	30	;	73	;	84
96	;	182	;	23	;	32	;	60
91	;	82	;	0	;	0	;	7
193	;	131	;	7	;	83	;	103
37	;	43	;	0	;	0	;	13
181	;	25	;	3	;	0	;	69
88	;	89	;	1	;	0	;	35
252	;	612	;	73	;	209	;	25
128	;	221	;	10	;	666	;	86
196	;	37	;	15	;	1	;	20
112	;	654	;	92	;	120	;	66
68	;	67	;	552	;	150	;	38
380	;	443	;	4	;	3	;	4
211	;	286	;	3	;	339	;	154
302	;	48	;	10	;	30	;	146
488	;	459	;	45	;	1067	;	212
104	;	44	;	4	;	0	;	123
61	;	61	;	1	;	3	;	107
173	;	167	;	128	;	22	;	73
80	;	15	;	6	;	22	;	8
1628	;	166	;	46	;	502	;	116
96	;	29	;	4	;	46	;	179
136	;	921	;	1	;	15	;	81
90	;	0	;	2	;	2	;	84
128	;	220	;	4	;	37	;	43
134	;	129	;	1	;	23	;	36
0	;	164	;	9	;	0	;	22
167	;	186	;	15	;	1011	;	101
194	;	585	;	5	;	93	;	111
167	;	917	;	65	;	75	;	366
245	;	144	;	28	;	5	;	19
115	;	157	;	111	;	135	;	141
84	;	743	;	7	;	5	;	35
190	;	227	;	247	;	4315	;	56
99	;	602	;	2	;	14	;	213
234	;	734	;	6	;	66	;	583
97	;	325	;	41	;	1633	;	74
37	;	196	;	7	;	0	;	15
218	;	812	;	19	;	20	;	75
157	;	238	;	19	;	14	;	43
135	;	217	;	3	;	36	;	54
317	;	560	;	3	;	149	;	405
158	;	566	;	138	;	921	;	589
530	;	210	;	146	;	113	;	71
286	;	294	;	1	;	263	;	254
61	;	67	;	7	;	14	;	71
97	;	191	;	5	;	11	;	46
125	;	85	;	1	;	2	;	21
170	;	34	;	18	;	16	;	83
48	;	37	;	2	;	0	;	107
15	;	5	;	0	;	0	;	0
88	;	99	;	1	;	3	;	117
76	;	64	;	4	;	25	;	200
98	;	297	;	2	;	7	;	18
117	;	254	;	26	;	2	;	28
9	;	20	;	6	;	0	;	38
143	;	94	;	4	;	2	;	14
128	;	341	;	6	;	0	;	65
375	;	271	;	26	;	278	;	66
1601	;	67	;	11	;	109	;	106
469	;	383	;	25	;	236	;	8
98	;	98	;	5	;	2	;	69
369	;	690	;	117	;	142	;	410
105	;	62	;	17	;	39	;	71
326	;	301	;	2	;	4	;	45
207	;	144	;	0	;	47	;	43
265	;	212	;	12	;	0	;	175
340	;	77	;	13	;	80	;	171
535	;	434	;	12	;	325	;	55
126	;	65	;	1	;	0	;	80
159	;	1829	;	1	;	19	;	37
513	;	336	;	2	;	8	;	96
259	;	427	;	514	;	725	;	247
9	;	4	;	0	;	0	;	0
383	;	401	;	728	;	112	;	89
0	;	0	;	0	;	0	;	0
67	;	2	;	0	;	0	;	13
304	;	539	;	0	;	71	;	187
631	;	627	;	94	;	964	;	1022
85	;	0	;	126	;	124	;	80
137	;	1050	;	3	;	42	;	24
67	;	49	;	7	;	0	;	25
149	;	301	;	6	;	189	;	75
15	;	13	;	1	;	0	;	9
335	;	185	;	27	;	3	;	96
90	;	92	;	0	;	1	;	47
285	;	81	;	7	;	363	;	196
232	;	186	;	5	;	8	;	164
1049	;	6642	;	453	;	1	;	80
0	;	2	;	0	;	0	;	124
123	;	327	;	5	;	4	;	4
40	;	174	;	9	;	113	;	46
85	;	16	;	3	;	55	;	63
75	;	56	;	3	;	11	;	39
158	;	323	;	5	;	405	;	280
167	;	145	;	29	;	18	;	115
447	;	671	;	36	;	1	;	210
177	;	101	;	26	;	1	;	100
313	;	299	;	25	;	14	;	471
60	;	133	;	30	;	54	;	51
580	;	383	;	62	;	333	;	210
297	;	262	;	6	;	261	;	577
320	;	338	;	22	;	19	;	70
193	;	99	;	1	;	149	;	118
101	;	11	;	11	;	0	;	17
207	;	52	;	65	;	132	;	69
144	;	207	;	2	;	136	;	44
41	;	1	;	6	;	0	;	34
172	;	180	;	8	;	45	;	92
125	;	151	;	20	;	3	;	20
139	;	68	;	4	;	42	;	58
230	;	251	;	21	;	41	;	38
179	;	124	;	30	;	626	;	86
301	;	565	;	4	;	0	;	15
81	;	0	;	9	;	15	;	42
55	;	105	;	17	;	6	;	45
102	;	313	;	7	;	33	;	57
140	;	252	;	2	;	108	;	157
243	;	204	;	14	;	4	;	37
64	;	11	;	2	;	0	;	27
175	;	179	;	1	;	0	;	29
16	;	0	;	0	;	0	;	37
284	;	288	;	16	;	270	;	117
212	;	210	;	25	;	24	;	159
220	;	622	;	2	;	0	;	19
113	;	151	;	2	;	1	;	78
92	;	23	;	15	;	1	;	48
85	;	139	;	1	;	0	;	155
145	;	92	;	10	;	3	;	75
93	;	85	;	3	;	0	;	30
63	;	28	;	0	;	0	;	1
154	;	387	;	2	;	1	;	38
24	;	3	;	1	;	0	;	3
99	;	36	;	2	;	2	;	37
296	;	292	;	13	;	592	;	151
133	;	303	;	325	;	39	;	40
330	;	221	;	44	;	694	;	446
233	;	185	;	20	;	2	;	404
95	;	47	;	1	;	4	;	12
197	;	110	;	4	;	103	;	177
343	;	368	;	9	;	278	;	24
140	;	1179	;	16	;	151	;	110
496	;	551	;	293	;	224	;	189
230	;	198	;	52	;	6	;	51
130	;	55	;	2	;	0	;	87
102	;	83	;	8	;	58	;	102
285	;	123	;	46	;	5	;	42
277	;	177	;	0	;	126	;	113
197	;	249	;	19	;	14	;	45
192	;	857	;	35	;	167	;	190
156	;	320	;	445	;	1095	;	96
2029	;	642	;	32	;	65	;	17
97	;	78	;	5	;	6	;	40
224	;	220	;	9	;	195	;	96
215	;	839	;	5	;	20	;	226
32	;	10	;	0	;	0	;	4
503	;	306	;	3	;	144	;	134
94	;	345	;	4	;	4	;	17
54	;	80	;	9	;	0	;	30
231	;	414	;	8	;	409	;	74
382	;	330	;	2	;	0	;	144
201	;	200	;	15	;	0	;	125
265	;	304	;	55	;	575	;	14
122	;	89	;	4	;	0	;	48
246	;	514	;	38	;	788	;	128
159	;	104	;	3	;	19	;	17
212	;	253	;	58	;	356	;	68
13	;	463	;	140	;	51	;	97
177	;	217	;	2	;	0	;	46
56	;	68	;	3	;	0	;	22
156	;	237	;	118	;	558	;	410
194	;	157	;	104	;	22	;	271
39	;	52	;	28	;	39	;	450
164	;	192	;	83	;	565	;	266
483	;	439	;	1202	;	460	;	91
110	;	39	;	1	;	0	;	15
68	;	385	;	25	;	99	;	50
107	;	688	;	6	;	0	;	5
150	;	323	;	10	;	1286	;	290
44	;	11	;	0	;	44	;	11
189	;	575	;	463	;	1755	;	51
165	;	297	;	72	;	78	;	221
154	;	34	;	15	;	92	;	49
72	;	347	;	27	;	137	;	22
79	;	703	;	11	;	0	;	848
67	;	94	;	10	;	0	;	33
134	;	362	;	3	;	121	;	110
256	;	451	;	111	;	361	;	40
87	;	163	;	2	;	0	;	18
276	;	117	;	61	;	0	;	131
105	;	148	;	12	;	0	;	20
61	;	444	;	29	;	0	;	252
132	;	85	;	40	;	38	;	24
108	;	343	;	9	;	148	;	56
245	;	1751	;	7	;	1072	;	31
93	;	356	;	205	;	60	;	34
837	;	1006	;	140	;	47	;	47
93	;	361	;	43	;	42	;	46
62	;	99	;	0	;	17	;	159
295	;	352	;	10	;	184	;	256
27	;	34	;	19	;	8	;	59
161	;	267	;	49	;	25	;	19
147	;	274	;	21	;	13	;	31
214	;	148	;	118	;	10	;	56
164	;	444	;	9	;	19	;	65
82	;	140	;	3	;	8	;	57
75	;	238	;	10	;	107	;	132
77	;	135	;	22	;	55	;	83
153	;	217	;	69	;	0	;	34
140	;	48	;	3	;	25	;	62
94	;	120	;	3	;	96	;	63
105	;	79	;	12	;	0	;	11
74	;	165	;	14	;	62	;	98
116	;	130	;	1	;	96	;	67
46	;	8	;	4	;	0	;	3
147	;	169	;	3	;	0	;	1
86	;	124	;	10	;	0	;	15
23	;	0	;	1	;	0	;	1
37	;	3	;	2	;	0	;	10
169	;	253	;	14	;	693	;	70
132	;	803	;	3	;	68	;	97
108	;	2311	;	9	;	262	;	112
35	;	5	;	2	;	1	;	7
191	;	4	;	8	;	4	;	26
110	;	313	;	8	;	26	;	265
115	;	152	;	1	;	160	;	182
95	;	98	;	7	;	2	;	49
275	;	125	;	17	;	5	;	30
121	;	471	;	46	;	146	;	25
166	;	351	;	11	;	90	;	181
31	;	7	;	1	;	0	;	0
134	;	63	;	3	;	67	;	138
59	;	137	;	2	;	0	;	28
45	;	45	;	7	;	3	;	25
53	;	20	;	33	;	2	;	2
37	;	117	;	4	;	1	;	87
111	;	20	;	5	;	0	;	6
107	;	231	;	20	;	740	;	1058
122	;	1	;	2	;	0	;	50
52	;	30	;	3	;	0	;	87
219	;	86	;	6	;	253	;	24
181	;	121	;	4	;	2	;	60
64	;	11	;	5	;	0	;	0
184	;	132	;	8	;	26	;	28
26	;	3	;	0	;	0	;	12
83	;	138	;	19	;	271	;	47
47	;	185	;	17	;	3	;	85
62	;	119	;	4	;	15	;	93
38	;	0	;	6	;	0	;	3
152	;	116	;	1	;	48	;	126
81	;	86	;	87	;	14	;	108
166	;	235	;	67	;	404	;	128
170	;	140	;	6	;	500	;	298
485	;	4	;	9	;	13	;	38
62	;	0	;	4	;	1	;	27
412	;	196	;	21	;	49	;	123
131	;	453	;	4	;	4	;	76
21	;	7	;	10	;	0	;	3
167	;	35	;	3	;	24	;	112
280	;	423	;	4	;	5	;	60
302	;	128	;	51	;	5	;	321
75	;	113	;	7	;	75	;	265
99	;	2	;	2	;	0	;	4
134	;	263	;	9	;	18	;	61
44	;	136	;	0	;	0	;	133
2	;	1	;	0	;	0	;	0
245	;	257	;	25	;	1	;	111
194	;	311	;	11	;	43	;	89
52	;	0	;	0	;	0	;	12
78	;	112	;	3	;	54	;	40
73	;	19	;	4	;	1	;	7
35	;	77	;	34	;	23	;	73
175	;	156	;	176	;	107	;	41
119	;	99	;	4	;	2942	;	75
92	;	513	;	48	;	175	;	21
0	;	139	;	8	;	336	;	312
342	;	89	;	118	;	120	;	319
452	;	566	;	723	;	710	;	126
223	;	232	;	108	;	807	;	137
161	;	239	;	12	;	125	;	38
48	;	241	;	32	;	574	;	108
184	;	17	;	47	;	39	;	28
59	;	35	;	14	;	18	;	79
650	;	473	;	48	;	429	;	525
394	;	1098	;	87	;	99	;	362
131	;	244	;	362	;	1756	;	339
178	;	501	;	14	;	254	;	267
177	;	35	;	3	;	0	;	22
210	;	111	;	58	;	3	;	31
75	;	260	;	62	;	78	;	67
63	;	149	;	3	;	124	;	39
73	;	453	;	2	;	1124	;	34
40	;	33	;	0	;	0	;	88
59	;	4	;	12	;	0	;	2
146	;	189	;	19	;	63	;	119
536	;	568	;	22	;	87	;	337
287	;	131	;	39	;	350	;	249
89	;	162	;	17	;	203	;	141
359	;	79	;	44	;	2	;	47
122	;	366	;	5	;	0	;	61
44	;	41	;	4	;	20	;	45
59	;	174	;	3	;	6	;	13
183	;	247	;	29	;	13	;	237
78	;	172	;	34	;	50	;	167
340	;	163	;	18	;	329	;	155
162	;	182	;	35	;	1	;	57
211	;	180	;	22	;	5	;	152
80	;	62	;	0	;	5	;	38
183	;	72	;	9	;	352	;	75
127	;	159	;	1	;	0	;	128
193	;	236	;	18	;	96	;	113
111	;	45	;	10	;	13	;	77
124	;	43	;	2	;	0	;	38
87	;	18	;	34	;	70	;	482
317	;	192	;	44	;	8	;	71
22	;	0	;	1	;	3	;	4
69	;	123	;	5	;	76	;	180
144	;	157	;	18	;	61	;	41
56	;	16	;	0	;	16	;	33
33	;	155	;	10	;	213	;	14
60	;	239	;	2	;	0	;	19
30	;	76	;	1	;	8	;	78
129	;	19	;	30	;	0	;	14
333	;	99	;	11	;	0	;	67
80	;	210	;	71	;	290	;	15
53	;	43	;	11	;	73	;	40
72	;	66	;	3	;	0	;	197
681	;	300	;	1246	;	351	;	246
167	;	1365	;	0	;	22	;	46
0	;	54	;	2	;	23	;	166
65	;	113	;	11	;	0	;	294
268	;	119	;	2	;	8	;	26
132	;	208	;	2	;	1	;	107
281	;	516	;	24	;	28	;	53
94	;	15	;	5	;	19	;	54
101	;	243	;	7	;	94	;	53
15	;	7	;	1	;	0	;	5
92	;	39	;	80	;	1	;	6
178	;	356	;	17	;	7	;	168
18	;	10	;	1	;	0	;	1
382	;	199	;	1	;	5	;	30
63	;	18	;	18	;	13	;	117
29	;	135	;	2	;	0	;	44
285	;	325	;	4	;	213	;	21
122	;	210	;	3	;	4	;	152
46	;	165	;	23	;	30	;	49
52	;	450	;	1	;	55	;	32
155	;	229	;	157	;	51	;	118
128	;	209	;	55	;	612	;	480
34	;	65	;	192	;	39	;	47
469	;	179	;	133	;	8	;	709
94	;	121	;	1	;	0	;	53
144	;	204	;	20	;	7	;	150
242	;	87	;	38	;	6	;	18
318	;	305	;	16	;	700	;	160
131	;	811	;	93	;	12	;	31
57	;	59	;	6	;	4	;	17
98	;	415	;	3	;	160	;	289
242	;	292	;	10	;	3	;	184
196	;	490	;	11	;	2084	;	157
396	;	131	;	7	;	32	;	200
473	;	96	;	27	;	45	;	71
296	;	245	;	7	;	7	;	282
130	;	153	;	41	;	43	;	94
265	;	622	;	261	;	1223	;	396
177	;	16	;	2	;	22	;	62
114	;	50	;	1	;	58	;	59
174	;	510	;	39	;	77	;	70
54	;	103	;	0	;	21	;	34
204	;	107	;	58	;	193	;	178
211	;	176	;	5	;	5	;	131
84	;	9	;	1	;	4	;	24
132	;	25	;	21	;	14	;	22
151	;	383	;	19	;	2067	;	475
109	;	114	;	58	;	18	;	91
190	;	98	;	3	;	18	;	28
311	;	199	;	3	;	12	;	33
132	;	172	;	63	;	969	;	194
145	;	517	;	30	;	39	;	29
561	;	362	;	29	;	316	;	285
151	;	159	;	11	;	40	;	126
411	;	188	;	38	;	54	;	61
204	;	220	;	7	;	33	;	70
217	;	184	;	44	;	26	;	44
61	;	44	;	0	;	0	;	52
494	;	991	;	47	;	61	;	13
58	;	183	;	7	;	117	;	21
89	;	135	;	10	;	298	;	87
131	;	1057	;	388	;	5	;	1793
341	;	246	;	16	;	95	;	81
118	;	23	;	1	;	1	;	42
117	;	341	;	29	;	46	;	81
183	;	119	;	51	;	1453	;	202
60	;	129	;	6	;	70	;	359
263	;	116	;	51	;	52	;	38
161	;	424	;	1	;	0	;	134
72	;	86	;	1	;	20	;	14
58	;	33	;	0	;	0	;	64
325	;	397	;	40	;	640	;	37
208	;	357	;	21	;	8	;	44
82	;	38	;	1	;	8	;	14
69	;	133	;	1	;	15	;	11
206	;	108	;	48	;	2	;	32
59	;	76	;	22	;	8	;	28
167	;	685	;	4	;	14	;	17
77	;	223	;	0	;	3	;	164
53	;	251	;	9	;	0	;	6
219	;	69	;	2	;	27	;	16
127	;	226	;	14	;	30	;	418
355	;	346	;	1	;	585	;	221
483	;	293	;	32	;	24	;	64
353	;	809	;	45	;	71	;	232
189	;	707	;	36	;	2344	;	152
124	;	425	;	164	;	2413	;	313
88	;	101	;	13	;	42	;	82
89	;	134	;	9	;	132	;	13
33	;	9	;	1	;	7	;	115
546	;	897	;	334	;	386	;	123
343	;	426	;	55	;	350	;	325
210	;	153	;	38	;	6	;	58
950	;	499	;	4	;	122	;	24
174	;	123	;	20	;	4	;	36
882	;	225	;	68	;	400	;	205
62	;	170	;	229	;	118	;	63
102	;	47	;	1	;	0	;	10
216	;	77	;	3	;	801	;	300
18	;	23	;	3	;	21	;	43
7	;	5	;	1	;	0	;	2
273	;	175	;	263	;	39	;	196
240	;	161	;	5	;	24	;	58
194	;	69	;	2	;	1	;	14
213	;	222	;	512	;	2009	;	401
666	;	399	;	268	;	72	;	143
155	;	200	;	128	;	171	;	115
71	;	161	;	3	;	0	;	68
61	;	11	;	4	;	0	;	6
12	;	398	;	1	;	37	;	74
9	;	233	;	1	;	27	;	22
239	;	98	;	105	;	346	;	88
309	;	127	;	61	;	29	;	164
453	;	104	;	45	;	182	;	164
322	;	235	;	37	;	45	;	656
126	;	314	;	1	;	0	;	40
126	;	294	;	1	;	193	;	136
98	;	125	;	11	;	65	;	39
32	;	53	;	17	;	16	;	211
128	;	13	;	7	;	0	;	8
126	;	150	;	28	;	0	;	105
95	;	69	;	1	;	0	;	18
505	;	560	;	5	;	89	;	107
146	;	124	;	8	;	1	;	151
125	;	130	;	5	;	13	;	20
101	;	46	;	4	;	25	;	87
318	;	490	;	3	;	0	;	138
190	;	144	;	9	;	0	;	59
357	;	486	;	15	;	65	;	44
108	;	274	;	4	;	71	;	27
112	;	211	;	10	;	5	;	55
1502	;	306	;	3	;	38	;	836
77	;	27	;	1	;	0	;	3
24	;	1	;	1	;	0	;	1
22	;	4	;	1	;	0	;	3
57	;	45	;	23	;	1	;	31
73	;	31	;	2	;	0	;	72
215	;	346	;	5	;	1724	;	124
276	;	93	;	1	;	5	;	58
58	;	146	;	46	;	377	;	6
93	;	104	;	9	;	8	;	29
287	;	219	;	2	;	52	;	83
189	;	129	;	9	;	2	;	83
208	;	158	;	38	;	11	;	92
89	;	182	;	8	;	0	;	53
70	;	86	;	0	;	0	;	27
8	;	3	;	1	;	0	;	0
94	;	12	;	14	;	13	;	13
61	;	113	;	3	;	25	;	26
133	;	1	;	1	;	3	;	13
94	;	333	;	1	;	18	;	12
325	;	599	;	14	;	1635	;	713
78	;	137	;	1	;	6	;	41
80	;	195	;	2	;	79	;	104
197	;	353	;	3	;	320	;	86
206	;	134	;	78	;	977	;	64
155	;	190	;	2	;	199	;	372
126	;	147	;	0	;	84	;	41
90	;	147	;	11	;	32	;	130
13	;	3	;	2	;	0	;	1
627	;	206	;	9	;	241	;	140
112	;	698	;	42	;	4384	;	34
268	;	68	;	3	;	152	;	68
146	;	12	;	50	;	3	;	28
60	;	0	;	10	;	0	;	1
67	;	10	;	9	;	6	;	39
237	;	121	;	8	;	22	;	183
127	;	50	;	5	;	199	;	89
166	;	363	;	12	;	182	;	96
136	;	190	;	7	;	39	;	76
121	;	61	;	14	;	1	;	61
134	;	87	;	8	;	14	;	21
196	;	0	;	7	;	23	;	47
81	;	131	;	1	;	0	;	115
358	;	199	;	7	;	70	;	49
197	;	25	;	15	;	141	;	86
352	;	209	;	90	;	453	;	251
180	;	63	;	23	;	3	;	119
225	;	40	;	73	;	14	;	302
122	;	288	;	10	;	211	;	75
494	;	403	;	27	;	5	;	236
37	;	1	;	0	;	0	;	0
83	;	146	;	2	;	0	;	95
459	;	175	;	287	;	12	;	133
84	;	121	;	19	;	0	;	113
254	;	59	;	148	;	60	;	196
226	;	93	;	17	;	25	;	216
229	;	243	;	34	;	12	;	22
167	;	566	;	23	;	859	;	126
93	;	47	;	2	;	11	;	135
36	;	148	;	2	;	0	;	18
46	;	325	;	128	;	41	;	79
112	;	348	;	5	;	2	;	75
114	;	103	;	1	;	3	;	143
111	;	47	;	6	;	27	;	47
80	;	14	;	13	;	30	;	87
38	;	42	;	1	;	443	;	15
72	;	12	;	1	;	0	;	13
67	;	295	;	53	;	15	;	70
93	;	2012	;	9	;	9	;	55
149	;	99	;	5	;	12	;	10
301	;	840	;	9	;	1	;	169
171	;	343	;	1	;	209	;	67
196	;	130	;	14	;	45	;	173
62	;	251	;	1	;	352	;	65
303	;	454	;	122	;	752	;	1005
369	;	15	;	357	;	513	;	141
535	;	152	;	35	;	457	;	444
241	;	125	;	4	;	0	;	10
60	;	16	;	3	;	11	;	3
1	;	1	;	0	;	0	;	1
15	;	0	;	7	;	0	;	1
48	;	58	;	8	;	15	;	25
57	;	130	;	1	;	2	;	58
53	;	69	;	2	;	0	;	23
21	;	1	;	2	;	0	;	0
113	;	195	;	1	;	0	;	30
120	;	4	;	43	;	3	;	1
62	;	50	;	4	;	1	;	17
10	;	101	;	6	;	7	;	90
126	;	194	;	4	;	341	;	81
51	;	114	;	3	;	0	;	36
63	;	115	;	12	;	7	;	66
380	;	272	;	6	;	6121	;	282
92	;	89	;	41	;	0	;	40
178	;	368	;	10	;	125	;	93
167	;	183	;	12	;	132	;	201
163	;	149	;	3	;	0	;	57
100	;	13	;	1	;	1	;	13
212	;	451	;	5	;	243	;	81
161	;	118	;	22	;	1169	;	233
217	;	205	;	28	;	317	;	290
126	;	219	;	371	;	424	;	82
63	;	1	;	0	;	0	;	10
159	;	24	;	10	;	2	;	61
131	;	238	;	4	;	7	;	78
126	;	29	;	0	;	0	;	14
146	;	117	;	27	;	1	;	133
341	;	88	;	16	;	11	;	200
30	;	9	;	13	;	21	;	40
249	;	178	;	6	;	104	;	184
72	;	26	;	10	;	140	;	106
91	;	356	;	36	;	310	;	248
191	;	73	;	14	;	878	;	67
94	;	146	;	7	;	15	;	47
44	;	11	;	1	;	0	;	41
289	;	117	;	7	;	1577	;	65
87	;	2	;	60	;	0	;	2
607	;	255	;	22	;	511	;	299
49	;	12	;	20	;	0	;	27
35	;	7	;	0	;	0	;	14
75	;	107	;	1	;	0	;	10
103	;	628	;	4	;	28	;	494
129	;	202	;	7	;	2	;	20
83	;	0	;	2	;	4	;	118
73	;	32	;	3	;	0	;	30
98	;	203	;	2	;	67	;	47
28	;	682	;	0	;	0	;	44
88	;	346	;	1	;	191	;	123
76	;	339	;	0	;	0	;	28
108	;	215	;	16	;	911	;	316
135	;	114	;	5	;	0	;	107
369	;	124	;	0	;	21	;	59
199	;	285	;	111	;	2	;	67
131	;	210	;	59	;	8	;	28
86	;	41	;	12	;	5	;	15
250	;	256	;	1	;	7	;	78
270	;	230	;	4	;	115	;	102
66	;	76	;	2	;	0	;	105
67	;	21	;	4	;	96	;	114
580	;	84	;	18	;	28	;	37
165	;	23	;	54	;	162	;	90
196	;	215	;	47	;	636	;	223
153	;	240	;	82	;	8	;	89
55	;	243	;	155	;	18	;	93
107	;	219	;	40	;	6	;	81
161	;	259	;	5	;	11	;	130
176	;	578	;	13	;	627	;	34
145	;	397	;	1	;	107	;	121
163	;	146	;	11	;	9	;	10
89	;	77	;	5	;	0	;	61
59	;	4	;	2	;	0	;	7
150	;	87	;	0	;	139	;	119
78	;	2	;	3	;	0	;	15
241	;	114	;	9	;	1	;	40
30	;	20	;	1	;	0	;	1
303	;	443	;	116	;	609	;	763
206	;	2109	;	7	;	1224	;	101
96	;	65	;	1	;	3	;	90
168	;	144	;	2	;	15	;	79
176	;	126	;	7	;	264	;	218
179	;	124	;	30	;	626	;	85
98	;	51	;	106	;	69	;	155
199	;	249	;	45	;	47	;	303
120	;	322	;	1	;	207	;	93
288	;	22	;	30	;	4	;	36
150	;	283	;	2	;	86	;	48
327	;	19	;	24	;	87	;	215
69	;	262	;	84	;	13	;	17
94	;	51	;	1	;	0	;	16
260	;	24	;	5	;	743	;	80
130	;	171	;	2	;	0	;	60
92	;	142	;	16	;	41	;	98
146	;	77	;	15	;	3	;	40
49	;	14	;	1	;	0	;	36
87	;	208	;	266	;	550	;	139
82	;	100	;	15	;	155	;	32
204	;	147	;	3	;	6	;	112
117	;	87	;	9	;	5	;	22
54	;	53	;	5	;	2	;	17
213	;	266	;	4	;	9	;	75
107	;	105	;	14	;	13	;	112
97	;	291	;	6	;	8	;	56
143	;	201	;	1	;	0	;	32
207	;	300	;	12	;	323	;	200
141	;	114	;	1	;	118	;	75
585	;	165	;	2	;	257	;	26
70	;	0	;	1	;	0	;	16
74	;	52	;	0	;	6	;	69
59	;	117	;	7	;	81	;	59
183	;	381	;	24	;	166	;	277
44	;	120	;	3	;	37	;	193
142	;	148	;	1	;	3	;	86
186	;	93	;	0	;	21	;	55
88	;	292	;	83	;	75	;	155
215	;	270	;	2	;	2245	;	252
138	;	110	;	5	;	144	;	73
179	;	165	;	126	;	44	;	154
140	;	388	;	15	;	28	;	154
70	;	268	;	4	;	8	;	239
122	;	60	;	3	;	13	;	200
600	;	294	;	36	;	27	;	30
924	;	81	;	46	;	93	;	156
118	;	80	;	1374	;	206	;	72
53	;	224	;	12	;	181	;	61
85	;	187	;	5	;	0	;	20
134	;	157	;	32	;	20	;	64
110	;	58	;	0	;	2	;	29
345	;	8	;	66	;	43	;	27
41	;	51	;	10	;	0	;	29
146	;	105	;	57	;	12	;	72
143	;	67	;	100	;	193	;	51
96	;	4	;	18	;	21	;	15
120	;	296	;	42	;	12	;	160
163	;	115	;	57	;	35	;	94
59	;	109	;	1	;	79	;	40
43	;	121	;	6	;	102	;	495
214	;	243	;	16	;	3	;	57
92	;	137	;	19	;	28	;	100
53	;	38	;	0	;	0	;	273
434	;	709	;	169	;	215	;	124
155	;	72	;	3	;	0	;	34
402	;	442	;	2	;	1	;	16
339	;	194	;	14	;	115	;	99
129	;	240	;	42	;	591	;	23
290	;	451	;	138	;	265	;	168
156	;	121	;	64	;	154	;	138